-25944,-3422,-25944,-3422,-25944,-3422,-25944,-3422,-25944,-3422,-25944,-3422,-25944,-3422,-25944,-3422,-25944,-3422,-25944,-3422,-25944,-3422,-25944,-3422,-25944,-3422,-25944,-3422,-25944,-3422,-25944,-3422,-25944,-3422,-25944,-3422,-25944,-3422,-25944,-3422,-25944,-3422,-25944,-3422,-25944,-3422,-25944,-3422,-25944,-3422,-25944,-3422,-25944,-3422
755,-6461,747,-6432,701,-6025,636,-5461,559,-4848,534,-4578,477,-4088,433,-3853,406,-3744,398,-3697,340,-3291,313,-3106
5454,-26181,5804,-26293,6327,-26460,6961,-26656,7602,-26844,8293,-27063,8635,-27175,8815,-27228,8899,-27250,8761,-26980,8481,-26518,8145,-25959,7760,-25321,7355,-24689,6958,-23991,6732,-23651,6603,-23478,6203,-23088
-576,10212,-321,10514,-205,10633,-153,10691,-130,10714,-121,10723,274,11086,450,11243,524,11312,557,11340,571,11353,577,11357,579,11360,580,11360,581,11361,581,11361,581,11361,581,11361,581,11361,581,11361,581,11361,581,11361,581,11361,581,11361,581,11361,581,11361,581,11361,581,11361,581,11361,581,11361,944,11700,1562,12149,1815,12357,1918,12453,1898,12124,1890,11982,1885,11921,1883,11894,1882,11883,1882,11878,1882,11876,1791,11485,1755,11319,1626,10886,1570,10699,1552,10623,1544,10590,1540,10574,1539,10567,1539,10565,1538,10563,1538,10563,1538,10562,1538,10562,1538,10562,1538,10562,1538,10562,1538,10562,1538,10562,1538,10562,1538,10562,1340,11049,1267,11278,1227,11375,1209,11413,1203,11429,1200,11435,1199,11438,1199,11439,1198,11440,1198,11440,1198,11440,1198,11440,1198,11440,1198,11440,1198,11440,1196,11031,1169,10470,1172,10220,1172,10109,1042,9677,883,9133,815,8898,785,8796,772,8756,766,8739,764,8732,764,8729,763,8727,763,8727,763,8726,763,8726,763,8726,763,8726,763,8726,763,8726,798,9255,825,10026,828,10362,824,10499,823,10554,822,10578,822,10589,822,10593,822,10595,822,10596,822,10596,822,10596,822,10597,822,10597,822,10597,822,10597,822,10597,980,11131,1153,11727,1282,12359,1422,13000,1520,13405,1658,13952,1763,14581,1808,14854,1829,14980,1948,14669,2000,14534,2023,14477,2033,14452,2038,14441,2040,14437,2060,14064,2067,13486,2047,12820,2013,12542,2006,12429,2002,12380,1999,12357,1999,12347,1999,12342,2051,12863,2072,13566,2100,13873,2218,14355,2260,14553,2277,14638,2285,14675,2289,14691,2290,14698,2290,14701,2291,14702,2291,14703,2394,15041
33895,-13240,33895,-13240,34150,-12807,34514,-12185,34675,-11911,34747,-11799,34370,-11672,34203,-11618,34234,-11141,34384,-10524,34569,-9785,34793,-9034,34992,-8255,35054,-7899,35087,-7755,34677,-7607,34499,-7536,34025,-7191,34175,-7367,34247,-7452,34279,-7490,34292,-7508,34297,-7516,34129,-7075,33873,-6433,33761,-6144,33699,-6021,33343,-6277,32839,-6793,32638,-7008,32131,-6965,31479,-6822,31186,-6788,31058,-6774,31237,-6326,31531,-5765,31885,-5104,32011,-4799,32068,-4666
42496,-30493,42578,-30072,42746,-29436,42822,-29133,42806,-28675,42756,-28008,42691,-27215,42581,-26403,42498,-25592,42424,-24793,42346,-23974,42253,-23156,42179,-22765,41751,-22367,41240,-22003,40699,-21566,40149,-21145,39521,-20735
39634,-2728,39377,-1824,39242,-1438,39343,-1830,39387,-1981,39401,-2039,39331,-2000,39219,-1925,39096,-1830
-630,22030,-630,22030,-630,22030,-630,22030,-630,22030,-630,22030,-630,22030,-889,21606,-1001,21413,-1098,20814,-1181,20054,-1255,19206,-1382,18335,-1551,17434,-1749,16511,-1875,15596,-1985,14672,-2108,13686,-2166,13249,-2197,13047,-2210,12957,-2214,12915,-2089,12371,-1957,11607,-1792,10771,-1656,9939,-1577,9582,-1537,9419,-1332,8848,-1229,8582,-1173,8452,-1146,8391,-1133,8365,-1128,8353,-1125,8348,-1124,8345,-1124,8344,-1123,8344,-1123,8344,-1008,7869,-960,7657,-941,7566,-930,7524,-925,7506,-767,7176,-537,6678,-427,6458,-371,6360,-348,6316,-117,5973,-8,5831,39,5763,61,5729,114,6061,165,6581,221,7191,269,7462,283,7582,288,7634,271,8028,259,8208,250,8285,247,8321
32259,-15771,32259,-15771,32072,-15744,31811,-15709,31516,-15642,31201,-15578,30879,-15515,30543,-15425,30212,-15379,30073,-15369,29832,-15338,29722,-15318,29671,-15309,29649,-15303,29619,-15113,29609,-15028,29605,-14990,29603,-14975,29587,-14770,29573,-14677,29569,-14636,29544,-14416,29510,-14108
1230,-19273,1230,-19273,1650,-19169,1848,-19128,2008,-18719,2168,-18160,2245,-17907,2287,-17782
1271,7924,1134,7948,1077,7350,1002,6463,940,5593,906,4844,890,3963,889,3660,1039,3020,1266,2223,1423,1379,1630,564,1918,-346,2173,-1195,2337,-2063,2386,-2361,2869,-2868,3018,-3031,3242,-3643,3322,-3856,3705,-4170,4322,-4615,4990,-5120,5724,-5636,6478,-6126,7231,-6637,8012,-7182,8753,-7749,9447,-8261,10182,-8781,11011,-9291,11828,-9833,12536,-10314,13341,-10884,13901,-11282,14160,-11895,14238,-12091,14264,-12158,13661,-12196,12866,-12244,11961,-12250,12272,-12243,11752,-12239,11589,-12231,11532,-12228,12049,-11859,12692,-11378,13348,-10839,13563,-10669,13666,-10386,13697,-10294,14305,-10097,14923,-9862,15564,-9650,16152,-9484,16781,-9305,17013,-9246,17513,-9293,18137,-9332,18336,-9359,19011,-9163,19875,-8956,20783,-8719,21635,-8391,22581,-8144,23478,-7915,24423,-7596,25414,-7286,26404,-6983,27340,-6697,28245,-6416,29236,-6157,30159,-5915,30474,-5832,30583,-5803,31267,-5970,32080,-6233,32955,-6401,33806,-6669,34712,-6917,35618,-7160,36551,-7374,37389,-7620,37674,-7709,38035,-7477,38167,-7392,38857,-7382,39719,-7424,40616,-7464,41538,-7508,42480,-7595,43379,-7738,43688,-7789,43795,-7806,43832,-7809,43280,-7960,42619,-8203,42380,-8284,42299,-8311,42819,-8028,43518,-7598,44312,-7172,45113,-6682,45384,-6527,45475,-6473,45506,-6453,45516,-6446,45520,-6444,46123,-6271,46341,-6196,46415,-6177,46441,-6172,46562,-6774,46605,-6977,46623,-7043,46630,-7066,46252,-6839,46123,-6759,46080,-6733,46067,-6725,45966,-7304,45931,-7498,45524,-8008,45349,-8203,45290,-8274,45815,-8606,45995,-8726,46440,-8575,46599,-8528,46848,-7927,47077,-7129,47206,-6726,47258,-6593,47275,-6543,46892,-7003,47129,-6674,47583,-6128,47751,-5933,47356,-5441,47679,-5686,47786,-5781,47894,-5204,47967,-4423,47805,-4136,47751,-4032,47909,-4320,47900,-4310,47898,-4307,47486,-4112,46940,-3869
18237,-7928,18181,-7920,18158,-7918,17718,-7904,17532,-7881,17456,-7869,17852,-7827,18416,-7759,19070,-7661,19754,-7565,20467,-7428,21169,-7265,21869,-7145,22569,-7007,23287,-6868,23956,-6805,24257,-6785,24843,-6551,25507,-6266,26203,-5969,26484,-5824,27058,-5928,27630,-6073,27878,-6111,28312,-5765,28427,-5709,28788,-5642,29006,-5533,29097,-5496,29233,-5311,29402,-5073,29474,-4971,29504,-4926,29516,-4906,29521,-4898,29524,-4894,29525,-4893,29525,-4892,29525,-4892,29959,-4949,30157,-4981,30240,-5001,29878,-5073,29297,-5182,28647,-5273
38394,-24498,38394,-24498,38555,-24045,38777,-23416,39065,-22643,39388,-21800,39582,-21363,39674,-21143,39699,-20542,39650,-19791,39618,-18931,39635,-18008,39651,-17059,39700,-16041,39742,-15126,39783,-14659,39664,-14535,39506,-14329,39427,-14227,38942,-14432,38270,-14752,37487,-15106,37101,-15320,36909,-15448,36813,-15520,36761,-15560,37114,-15337,37279,-15236,37309,-14708,37308,-14437,37646,-13905,38011,-13447,38204,-13204,38181,-12614,38088,-11857,38028,-11454,37632,-10928,37451,-10647,36963,-10466
-2075,-23969,-2075,-23969,-2105,-24317,-2165,-24857,-2261,-25418,-2308,-25643,-1847,-25905,-1189,-26160,-453,-26407,340,-26651,1149,-26904,1469,-27010,1597,-27048,1646,-27063,1664,-27069,1470,-27265,1392,-27340,815,-27340,581,-27342,484,-27340,448,-27338,433,-27336,962,-27405,1703,-27530,2514,-27649,3308,-27759,3623,-27798,3738,-27814,3331,-27604,3153,-27518,3082,-27480,3501,-27691,4115,-28002,4348,-28129,4372,-28667,4385,-28883,3905,-28988,3149,-29061,2358,-29114,1497,-29108,1157,-29077,1030,-29072,978,-29072,959,-29071,1447,-29119,2129,-29193,2905,-29256,3206,-29260,3332,-29252,3382,-29248,3915,-29295,4628,-29343,5439,-29433,6219,-29581,7017,-29704,7822,-29812,8662,-29883,9507,-29937,9838,-29938,10103,-30423,10200,-30610,10241,-30679,10403,-30380,10464,-30258,10489,-30214,10499,-30196,10486,-30258,10486,-30258,10486,-30258,10971,-30235,11665,-30207,11922,-30214,12023,-30222,12061,-30224,12076,-30225,12590,-30190,13275,-30133,14054,-30142,14812,-30071,15618,-30010,16396,-29959,17253,-29933,18109,-29959,18964,-29959,19800,-29924,20617,-29894,21430,-29880,22296,-29877,23151,-29860,23939,-29856,24813,-29819,25643,-29789,26443,-29779,26259,-29804,26187,-29814,25641,-29655,25913,-29723,26026,-29753,25910,-29257,25863,-29042,25847,-28955,25841,-28920,25838,-28906,26258,-29165,26857,-29462,27079,-29566,27599,-29863,28218,-30251,28450,-30412,28536,-30472,29029,-30406,29782,-30301,30055,-30263,30165,-30246,30208,-30240,30225,-30238,30591,-29861,30727,-29730,30525,-29416,30174,-29077,30032,-28936,30360,-28580,30881,-28076,31396,-27540,31601,-27326,31690,-27250,31721,-27222,32121,-26924,32725,-26544,32966,-26400,33057,-26343,33093,-26319,32933,-26002,32681,-25547,32398,-25031,32143,-24495
23718,-2453,23026,-2402,22328,-2362,21664,-2389,21434,-2399,21356,-2402,21528,-2765,21821,-3304,22141,-3877,22523,-4453,22493,-4755,22399,-5110,22367,-5222,22356,-5261,22755,-5437,23264,-5709,23810,-5994,24375,-6264,25000,-6543,25613,-6792,25823,-6879,26142,-6360,26249,-6188,26288,-6133,25824,-6391,25668,-6493,25489,-6560,25491,-6558,25252,-6639,25940,-6791,26501,-6743,27282,-6668,27555,-6638,27648,-6632,27681,-6631,27693,-6630,27697,-6629,27698,-6629,27699,-6629,27699,-6629,28284,-6577,29072,-6508,29930,-6491,30224,-6483,30794,-6827,30996,-6925,31067,-6951,31409,-7432,31534,-7604,31576,-7665,31173,-7502,30636,-7263,30000,-6959
-12580,15725,-12550,15684,-12541,15671,-12537,15666,-12183,15398,-12065,15308,-12024,15278,-11666,14974,-11534,14869,-11490,14835,-11475,14822,-11123,14519,-10671,14104,-10516,13962,-10466,13920,-10449,13906,-10444,13901,-10443,13900,-10442,13899,-10442,13899,-10442,13899,-9961,13441,-9325,12898,-9103,12709,-9029,12655,-9006,12637,-8483,12209,-7854,11631,-7180,11041,-6974,10849,-6899,10786,-6876,10763,-6868,10756,-6382,10324,-5756,9758,-5542,9582,-4839,9359,-4581,9285,-4493,9251,-4467,9240,-4458,9236,-4455,9235,-3997,9677,-3836,9824,-3781,9874,-3760,9890,-3752,9896,-3749,9898,-3749,9898,-3748,9898,-3748,9898,-3748,9898,-3748,9898,-3748,9898,-3748,9898,-3748,9898,-3748,9898,-3748,9898,-3134,9697,-2306,9568,-1431,9460,-1151,9406,-942,8751,-832,7898,-808,7610,-800,7514,-798,7480,-797,7469,-797,7465,-797,7464,-797,7463,-797,7463,-797,7463,-797,7463,-797,7463,-797,7463,-797,7463,-797,7463,-797,7463,-797,7463,-797,7463,-797,7463,-797,7463,-797,7463,-797,7463,-797,7463,-797,7463,-797,7463,-797,7463,-788,8073,-794,8277,-798,8346,-800,8367,-801,8374,-802,8377,-802,8378,-802,8378,-802,8378,-802,8378,-802,8378,-802,8378,-802,8378,-802,8378,-802,8378,-802,8378,-802,8378,-802,8378,-802,8378,-802,8378,-802,8378,-802,8378,-802,8378,-802,8378,-802,8378,-802,8378,-802,8378,-802,8378,-802,8378,-802,8378,-802,8378,-802,8378,-802,8378,-802,8378,-802,8378,-802,8378,-802,8378,-802,8378,-802,8378,-802,8378,-802,8378,-802,8378,-802,8378,-802,8378,-802,8378,-802,8378,-802,8378,-802,8378,-802,8378,-798,9028,-777,9248,-774,9318,-699,9949,-684,10167,-679,10240,-680,10896,-677,11122,-677,11195,-677,11220,-431,11825,-110,12608
