432,-8742,432,-8742,795,-8882,1334,-9055,1975,-9241,2250,-9319,2359,-9355,2407,-9366,2429,-9371,2438,-9373,2442,-9375,2444,-9376,2444,-9376,2445,-9376,2445,-9376,2445,-9376,2445,-9376,2445,-9376,2445,-9376,2445,-9376,2445,-9376,2445,-9376,2445,-9376,2445,-9376,2445,-9376,2445,-9376,2445,-9376,2445,-9376,2445,-9376,2199,-9657,2105,-9770,2065,-9813,2050,-9829,2044,-9836,2041,-9839,2040,-9841,1886,-9506,1831,-9376,1809,-9325,1568,-8795,1277,-8034,1005,-7423,867,-7169,774,-6667,745,-6461,733,-6379,729,-6342,728,-6327,727,-6320,727,-6317,727,-6316,727,-6316,727,-6315,1093,-5917,1264,-5741,1487,-5134,1679,-4316,1836,-3605,1902,-3304,1939,-2783,2006,-2167
-576,10212,-321,10514,-205,10633,-153,10691,-130,10714,-121,10723,274,11086,450,11243,524,11312,557,11340,571,11353,577,11357,579,11360,580,11360,581,11361,581,11361,581,11361,581,11361,581,11361,581,11361,581,11361,581,11361,581,11361,581,11361,581,11361,581,11361,581,11361,581,11361,581,11361,581,11361,944,11700,1562,12149,1815,12357,1918,12453,1898,12124,1890,11982,1885,11921,1883,11894,1882,11883,1882,11878,1882,11876,1791,11485,1755,11319,1626,10886,1570,10699,1552,10623,1544,10590,1540,10574,1539,10567,1539,10565,1538,10563,1538,10563,1538,10562,1538,10562,1538,10562,1538,10562,1538,10562,1538,10562,1538,10562,1538,10562,1538,10562,1340,11049,1267,11278,1227,11375,1209,11413,1203,11429,1200,11435,1199,11438,1199,11439,1198,11440,1198,11440,1198,11440,1198,11440,1198,11440,1198,11440,1198,11440,1196,11031,1169,10470,1172,10220,1172,10109,1042,9677,883,9133,815,8898,785,8796,772,8756,766,8739,764,8732,764,8729,763,8727,763,8727,763,8726,763,8726,763,8726,763,8726,763,8726,763,8726,798,9255,825,10026,828,10362,824,10499,823,10554,822,10578,822,10589,822,10593,822,10595,822,10596,822,10596,822,10596,822,10597,822,10597,822,10597,822,10597,822,10597,980,11131,1153,11727,1282,12359,1422,13000,1520,13405,1658,13952,1763,14581,1808,14854,1829,14980,1948,14669,2000,14534,2023,14477,2033,14452,2038,14441,2040,14437,2060,14064,2067,13486,2047,12820,2013,12542,2006,12429,2002,12380,1999,12357,1999,12347,1999,12342,2051,12863,2072,13566,2100,13873,2218,14355,2260,14553,2277,14638,2285,14675,2289,14691,2290,14698,2290,14701,2291,14702,2291,14703,2394,15041
31802,-31835,31906,-31864,32017,-31831,32130,-31782,32244,-31728,32371,-31674,32495,-31617,32617,-31565,32737,-31510,32857,-31453,32982,-31404,33108,-31353,33219,-31299,33330,-31241,33366,-31222,33450,-31160,33541,-31080,33640,-31006,33671,-30985,33707,-30884,33718,-30851,33774,-30775,33841,-30684,33863,-30656,33870,-30648,33873,-30645,33874,-30644,33879,-30552,33885,-30438,33885,-30399,33885,-30386,33892,-30294,33914,-30183,33931,-30053,33958,-29917,33986,-29780,33996,-29736,33918,-29694,33895,-29681,34016,-29102,34168,-28397,34221,-28170,34238,-28095,34190,-27505,34183,-27329,33755,-26833,33546,-26584,33398,-26446,32964,-26015,32825,-25889,32691,-25830,32647,-25811,32908,-25301,32974,-25137,32996,-25084,33063,-25007,33085,-24983,32999,-24952,32885,-24918,32762,-24884,32636,-24838
-23232,-4536,-23232,-4536,-23232,-4536,-23232,-4536,-23232,-4536,-23232,-4536,-23232,-4536,-23232,-4536,-23232,-4536,-23232,-4536,-23232,-4536,-23232,-4536,-23232,-4536,-23232,-4536,-23232,-4536,-23232,-4536,-23232,-4536,-23232,-4536,-23232,-4536,-23232,-4536,-23232,-4536,-23232,-4536,-23232,-4536,-23232,-4536,-23232,-4536,-23232,-4536,-23232,-4536,-23232,-4536,-23232,-4536,-23232,-4536,-23232,-4536,-23232,-4536,-23232,-4536,-23232,-4536,-23232,-4536,-23232,-4536,-23232,-4536,-23232,-4536,-23232,-4536,-23232,-4536,-23232,-4536,-23232,-4536,-23232,-4536,-23232,-4536,-23232,-4536
32259,-15771,32259,-15771,32072,-15744,31811,-15709,31516,-15642,31201,-15578,30879,-15515,30543,-15425,30212,-15379,30073,-15369,29832,-15338,29722,-15318,29671,-15309,29649,-15303,29619,-15113,29609,-15028,29605,-14990,29603,-14975,29587,-14770,29573,-14677,29569,-14636,29544,-14416,29510,-14108
34373,-3878,34429,-4257,34453,-4418,34465,-4488,34472,-4515,34474,-4525,34403,-4469,34303,-4377,34184,-4275
46861,-8328,46861,-8328,46549,-7825,46147,-7105,46035,-6863,46343,-7282,46450,-7424,46487,-7470,46102,-7064,45904,-6844,45839,-6767,45616,-7311,45728,-6922,45765,-6790,45780,-6744,45202,-6576,45018,-6515,44957,-6491,45537,-6532,45743,-6541,45814,-6542,45837,-6543,45845,-6544,46271,-6683,46406,-6731,47098,-6791,47345,-6812,47429,-6823,47323,-7224,47287,-7361,47271,-7408,47267,-7426,47265,-7431,47202,-7780,47200,-7766,47199,-7762,47199,-7760,46881,-7466,46438,-7049
41561,-1986,41578,-1998,41585,-2002,41589,-2004,41590,-2005,41590,-2005,41382,-2316
40463,-12823,40292,-13034,40237,-13108,40218,-13134,40211,-13142,39795,-13239,39213,-13386,38561,-13611
1230,-19273,1230,-19273,1650,-19169,1848,-19128,2008,-18719,2168,-18160,2245,-17907,2287,-17782
5454,-26181,5804,-26293,6327,-26460,6961,-26656,7602,-26844,8293,-27063,8635,-27175,8815,-27228,8899,-27250,8761,-26980,8481,-26518,8145,-25959,7760,-25321,7355,-24689,6958,-23991,6732,-23651,6603,-23478,6203,-23088
33895,-13240,33895,-13240,34150,-12807,34514,-12185,34675,-11911,34747,-11799,34370,-11672,34203,-11618,34234,-11141,34384,-10524,34569,-9785,34793,-9034,34992,-8255,35054,-7899,35087,-7755,34677,-7607,34499,-7536,34025,-7191,34175,-7367,34247,-7452,34279,-7490,34292,-7508,34297,-7516,34129,-7075,33873,-6433,33761,-6144,33699,-6021,33343,-6277,32839,-6793,32638,-7008,32131,-6965,31479,-6822,31186,-6788,31058,-6774,31237,-6326,31531,-5765,31885,-5104,32011,-4799,32068,-4666
-31383,-1478,-31551,-2359,-31763,-3300,-31837,-3709,-31862,-3873,-31876,-3940,-31881,-3967,-31883,-3977,-31883,-3982,-31884,-3984,-31884,-3984,-31884,-3985,-31884,-3985,-31884,-3985,-31884,-3985,-31884,-3985,-31884,-3985,-31884,-3985,-31884,-3985,-31884,-3985,-31884,-3985,-31884,-3985,-31884,-3985,-31884,-3985,-31884,-3985,-31884,-3985,-31884,-3985,-31884,-3985,-31884,-3985,-31884,-3985,-31884,-3985,-31884,-3985,-31884,-3985,-31884,-3985,-31884,-3985,-31884,-3985,-31884,-3985,-31884,-3985,-31884,-3985,-31884,-3985,-31884,-3985,-31884,-3985,-31884,-3985,-31884,-3985,-31884,-3985,-31884,-3985,-31884,-3985,-31884,-3985,-31884,-3985,-31884,-3985,-31884,-3985,-31884,-3985,-31884,-3985,-31884,-3985,-31884,-3985,-31884,-3985,-31884,-3985,-31884,-3985,-31884,-3985,-31884,-3985,-31884,-3985,-31884,-3985,-31884,-3985,-31884,-3985,-31884,-3985,-31884,-3985,-31884,-3985,-31884,-3985,-31884,-3985,-31884,-3985,-31884,-3985,-31884,-3985,-31884,-3985,-31884,-3985,-31884,-3985,-31884,-3985,-31884,-3985,-31297,-4177,-30560,-4486,-30288,-4612,-29621,-4841,-29330,-4926,-28671,-5131,-28431,-5205,-28327,-5237,-28284,-5249,-28266,-5255,-28259,-5257,-28256,-5259,-28255,-5259,-28255,-5259,-28255,-5259,-28254,-5259,-28254,-5259,-28254,-5259,-28254,-5259,-28254,-5259,-28254,-5259,-28254,-5259,-28254,-5259,-28254,-5259,-28254,-5259,-28254,-5259,-28254,-5259,-28254,-5259,-28254,-5259,-28254,-5259,-28254,-5259,-28254,-5259,-28254,-5259,-28254,-5259,-28254,-5259,-28254,-5259,-28254,-5259,-28254,-5259,-28254,-5259,-28254,-5259,-28254,-5259,-28254,-5259,-28254,-5259,-28254,-5259,-28254,-5259,-28254,-5259,-28254,-5259,-28254,-5259,-28254,-5259,-28254,-5259,-28254,-5259,-28254,-5259,-28254,-5259,-28254,-5259,-28254,-5259,-28254,-5259,-28254,-5259,-28254,-5259,-28254,-5259,-28254,-5259,-28254,-5259,-28254,-5259,-28254,-5259,-28254,-5259,-28254,-5259,-28254,-5259,-28254,-5259,-28254,-5259,-28254,-5259,-28254,-5259,-28254,-5259,-28254,-5259,-28254,-5259
41667,5941,41667,5941,41667,5941,41125,5738,40920,5659,40447,5754,39862,5949,39211,6113
-45305,730,-45305,730,-45305,730,-45305,730,-45146,138,-44877,-735,-44690,-1609,-44634,-1954,-44608,-2094,-44599,-2151,-44594,-2173,-44592,-2182,-44591,-2185,-44591,-2187,-44591,-2187,-44591,-2187,-44591,-2188,-44591,-2188,-44591,-2188,-44591,-2188,-44591,-2188,-44591,-2188,-44591,-2188,-44591,-2188,-44591,-2188,-44591,-2188,-44591,-2188,-44591,-2188,-44591,-2188,-44591,-2188,-44591,-2188,-44591,-2188,-44591,-2188,-44591,-2188,-44591,-2188,-44591,-2188,-44591,-2188,-44591,-2188,-44591,-2188,-44591,-2188,-44591,-2188,-44591,-2188,-44591,-2188,-44591,-2188,-44591,-2188,-44591,-2188,-44591,-2188,-44591,-2188,-44591,-2188,-44591,-2188,-44591,-2188,-44591,-2188,-44591,-2188,-44591,-2188,-44591,-2188,-44591,-2188,-44591,-2188,-44591,-2188,-44591,-2188,-44591,-2188,-44591,-2188,-44591,-2188,-44591,-2188,-44591,-2188,-44591,-2188,-44591,-2188,-44591,-2188,-44487,-2791,-44303,-3646,-44251,-3995,-44232,-4125,-44083,-4761,-44032,-5011,-44011,-5108,-44007,-5147,-44005,-5162,-44005,-5168,-44005,-5170,-44005,-5171,-44005,-5171,-44005,-5171,-44005,-5172,-44005,-5172,-43424,-5316,-42595,-5542,-42269,-5631,-42142,-5662,-42091,-5673,-42070,-5678,-42062,-5680,-42058,-5681,-42057,-5681,-42056,-5681,-42056,-5681,-42056,-5681,-42056,-5681,-42056,-5681,-41494,-5833,-41247,-5892,-41146,-5918,-40525,-6076,-40282,-6136,-39603,-6255,-38733,-6476,-38353,-6576,-38195,-6628,-38129,-6654,-38103,-6665,-38093,-6669,-38088,-6671,-38086,-6672,-38086,-6672,-38085,-6672,-38085,-6672,-38085,-6672,-38085,-6672,-38085,-6672,-38085,-6672,-38085,-6672,-38085,-6672,-38085,-6672,-38085,-6672,-38085,-6672,-37501,-6817,-37246,-6882,-37145,-6907,-36528,-7075,-36276,-7140,-36179,-7166,-36138,-7175,-36121,-7179,-36115,-7181,-36112,-7182,-36111,-7182,-36110,-7182,-36110,-7182,-35531,-7321,-34741,-7575,-33898,-7824,-33026,-8133,-32671,-8254,-32534,-8304,-32477,-8321,-32453,-8328,-32444,-8330,-32440,-8330,-32439,-8331,-32438,-8331,-32438,-8331,-32438,-8331
-5736,-4076,-5673,-4043,-5646,-4029,-5634,-4024,-5628,-4021,-5626,-4020,-5625,-4020,-5625,-4019,-5625,-4019,-5625,-4019,-5624,-4019,-5624,-4019,-5679,-4581,-5705,-4827,-5721,-4934,-5728,-4983,-5731,-5003,-5732,-5012,-5213,-4794,-4978,-4706,-4880,-4667,-4840,-4646,-4949,-5199,-5157,-5982,-5411,-6915,-5482,-7320,-5518,-7509,-5535,-7590,-5545,-7624,-5551,-7638,-5553,-7645,-5554,-7648,-5071,-7959,-4456,-8418,-3744,-8942,-3418,-9193,-3274,-9304,-3205,-9346,-2690,-9052,-2029,-8648,-1248,-8195,-471,-7780,-117,-7590,28,-7513,33,-7084,47,-6882,55,-6802,58,-6767,59,-6751,60,-6744,60,-6741,60,-6740,60,-6740,60,-6739,539,-6441,751,-6303,848,-6251,892,-6229,912,-6220,921,-6216,925,-6215,843,-5787,754,-5207,632,-4556
-44834,-4647,-44834,-4647,-44834,-4647,-44834,-4647,-44834,-4647,-44834,-4647,-44834,-4647,-44834,-4647,-44834,-4647,-44834,-4647,-44834,-4647,-44834,-4647,-44834,-4647,-44834,-4647,-44834,-4647,-44834,-4647,-44834,-4647,-44834,-4647,-44834,-4647,-44834,-4647,-44834,-4647,-44286,-4710,-43494,-4839,-42500,-4968,-42096,-4999,-41942,-5025,-41884,-5032,-41282,-5102,-41034,-5114,-40935,-5119,-40296,-5187,-40053,-5208,-39949,-5218,-39910,-5220,-39894,-5221,-39888,-5221,-39885,-5221,-39884,-5221,-39884,-5222,-39884,-5222,-39884,-5222,-39884,-5222,-39884,-5222,-39884,-5222,-39884,-5222,-39884,-5222,-39884,-5222,-39884,-5222,-39884,-5222,-39884,-5222,-39884,-5222,-39884,-5222,-39884,-5222,-39884,-5222,-39884,-5222,-39884,-5222,-39329,-5273,-39107,-5293,-39018,-5302,-38985,-5307,-38971,-5309,-38966,-5310,-38964,-5310,-38963,-5310,-38963,-5310,-38963,-5310,-38963,-5310,-38963,-5310,-38963,-5310,-38963,-5310,-38963,-5310,-38963,-5310,-38963,-5310,-38963,-5310,-38963,-5310,-38963,-5310,-38963,-5310,-38963,-5310,-38963,-5310,-38963,-5310,-38963,-5310,-38963,-5310,-38963,-5310,-38963,-5310,-38963,-5310,-38963,-5310,-38963,-5310,-38963,-5310,-38963,-5310,-38963,-5310,-38963,-5310,-38963,-5310,-38963,-5310,-38963,-5310,-38963,-5310,-38963,-5310,-38366,-5370,-37497,-5530,-36557,-5696,-35666,-5826,-34658,-5942,-33603,-6096,-33159,-6194,-32972,-6232,-32898,-6251,-32868,-6260,-32855,-6263
