-26409,-5012,-26409,-5012,-26409,-5012,-26409,-5012,-26409,-5012,-26409,-5012,-26409,-5012,-26409,-5012,-26409,-5012,-26409,-5012,-26409,-5012,-26409,-5012,-26409,-5012,-26409,-5012,-26409,-5012,-26409,-5012,-26409,-5012,-26409,-5012,-26409,-5012,-26409,-5012,-26409,-5012,-26409,-5012,-26409,-5012,-25835,-5213,-25613,-5305,-25522,-5339,-25486,-5352,-25471,-5357,-25465,-5359,-25463,-5360,-25462,-5360,-25462,-5360
755,-6461,747,-6432,701,-6025,636,-5461,559,-4848,534,-4578,477,-4088,433,-3853,406,-3744,398,-3697,340,-3291,313,-3106
-576,10212,-321,10514,-205,10633,-153,10691,-130,10714,-121,10723,274,11086,450,11243,524,11312,557,11340,571,11353,577,11357,579,11360,580,11360,581,11361,581,11361,581,11361,581,11361,581,11361,581,11361,581,11361,581,11361,581,11361,581,11361,581,11361,581,11361,581,11361,581,11361,581,11361,581,11361,944,11700,1562,12149,1815,12357,1918,12453,1898,12124,1890,11982,1885,11921,1883,11894,1882,11883,1882,11878,1882,11876,1791,11485,1755,11319,1626,10886,1570,10699,1552,10623,1544,10590,1540,10574,1539,10567,1539,10565,1538,10563,1538,10563,1538,10562,1538,10562,1538,10562,1538,10562,1538,10562,1538,10562,1538,10562,1538,10562,1538,10562,1340,11049,1267,11278,1227,11375,1209,11413,1203,11429,1200,11435,1199,11438,1199,11439,1198,11440,1198,11440,1198,11440,1198,11440,1198,11440,1198,11440,1198,11440,1196,11031,1169,10470,1172,10220,1172,10109,1042,9677,883,9133,815,8898,785,8796,772,8756,766,8739,764,8732,764,8729,763,8727,763,8727,763,8726,763,8726,763,8726,763,8726,763,8726,763,8726,798,9255,825,10026,828,10362,824,10499,823,10554,822,10578,822,10589,822,10593,822,10595,822,10596,822,10596,822,10596,822,10597,822,10597,822,10597,822,10597,822,10597,980,11131,1153,11727,1282,12359,1422,13000,1520,13405,1658,13952,1763,14581,1808,14854,1829,14980,1948,14669,2000,14534,2023,14477,2033,14452,2038,14441,2040,14437,2060,14064,2067,13486,2047,12820,2013,12542,2006,12429,2002,12380,1999,12357,1999,12347,1999,12342,2051,12863,2072,13566,2100,13873,2218,14355,2260,14553,2277,14638,2285,14675,2289,14691,2290,14698,2290,14701,2291,14702,2291,14703,2394,15041
31802,-31835,31906,-31864,32017,-31831,32130,-31782,32244,-31728,32371,-31674,32495,-31617,32617,-31565,32737,-31510,32857,-31453,32982,-31404,33108,-31353,33219,-31299,33330,-31241,33366,-31222,33450,-31160,33541,-31080,33640,-31006,33671,-30985,33707,-30884,33718,-30851,33774,-30775,33841,-30684,33863,-30656,33870,-30648,33873,-30645,33874,-30644,33879,-30552,33885,-30438,33885,-30399,33885,-30386,33892,-30294,33914,-30183,33931,-30053,33958,-29917,33986,-29780,33996,-29736,33918,-29694,33895,-29681,34016,-29102,34168,-28397,34221,-28170,34238,-28095,34190,-27505,34183,-27329,33755,-26833,33546,-26584,33398,-26446,32964,-26015,32825,-25889,32691,-25830,32647,-25811,32908,-25301,32974,-25137,32996,-25084,33063,-25007,33085,-24983,32999,-24952,32885,-24918,32762,-24884,32636,-24838
32259,-15771,32259,-15771,32072,-15744,31811,-15709,31516,-15642,31201,-15578,30879,-15515,30543,-15425,30212,-15379,30073,-15369,29832,-15338,29722,-15318,29671,-15309,29649,-15303,29619,-15113,29609,-15028,29605,-14990,29603,-14975,29587,-14770,29573,-14677,29569,-14636,29544,-14416,29510,-14108
39634,-2728,39377,-1824,39242,-1438,39343,-1830,39387,-1981,39401,-2039,39331,-2000,39219,-1925,39096,-1830
-44834,-4647,-44834,-4647,-44834,-4647,-44834,-4647,-44834,-4647,-44834,-4647,-44834,-4647,-44834,-4647,-44834,-4647,-44834,-4647,-44834,-4647,-44834,-4647,-44834,-4647,-44834,-4647,-44834,-4647,-44834,-4647,-44834,-4647,-44834,-4647,-44834,-4647,-44834,-4647,-44834,-4647,-44286,-4710,-43494,-4839,-42500,-4968,-42096,-4999,-41942,-5025,-41884,-5032,-41282,-5102,-41034,-5114,-40935,-5119,-40296,-5187,-40053,-5208,-39949,-5218,-39910,-5220,-39894,-5221,-39888,-5221,-39885,-5221,-39884,-5221,-39884,-5222,-39884,-5222,-39884,-5222,-39884,-5222,-39884,-5222,-39884,-5222,-39884,-5222,-39884,-5222,-39884,-5222,-39884,-5222,-39884,-5222,-39884,-5222,-39884,-5222,-39884,-5222,-39884,-5222,-39884,-5222,-39884,-5222,-39884,-5222,-39329,-5273,-39107,-5293,-39018,-5302,-38985,-5307,-38971,-5309,-38966,-5310,-38964,-5310,-38963,-5310,-38963,-5310,-38963,-5310,-38963,-5310,-38963,-5310,-38963,-5310,-38963,-5310,-38963,-5310,-38963,-5310,-38963,-5310,-38963,-5310,-38963,-5310,-38963,-5310,-38963,-5310,-38963,-5310,-38963,-5310,-38963,-5310,-38963,-5310,-38963,-5310,-38963,-5310,-38963,-5310,-38963,-5310,-38963,-5310,-38963,-5310,-38963,-5310,-38963,-5310,-38963,-5310,-38963,-5310,-38963,-5310,-38963,-5310,-38963,-5310,-38963,-5310,-38963,-5310,-38366,-5370,-37497,-5530,-36557,-5696,-35666,-5826,-34658,-5942,-33603,-6096,-33159,-6194,-32972,-6232,-32898,-6251,-32868,-6260,-32855,-6263
1230,-19273,1230,-19273,1650,-19169,1848,-19128,2008,-18719,2168,-18160,2245,-17907,2287,-17782
40463,-12823,40292,-13034,40237,-13108,40218,-13134,40211,-13142,39795,-13239,39213,-13386,38561,-13611
5454,-26181,5804,-26293,6327,-26460,6961,-26656,7602,-26844,8293,-27063,8635,-27175,8815,-27228,8899,-27250,8761,-26980,8481,-26518,8145,-25959,7760,-25321,7355,-24689,6958,-23991,6732,-23651,6603,-23478,6203,-23088
33895,-13240,33895,-13240,34150,-12807,34514,-12185,34675,-11911,34747,-11799,34370,-11672,34203,-11618,34234,-11141,34384,-10524,34569,-9785,34793,-9034,34992,-8255,35054,-7899,35087,-7755,34677,-7607,34499,-7536,34025,-7191,34175,-7367,34247,-7452,34279,-7490,34292,-7508,34297,-7516,34129,-7075,33873,-6433,33761,-6144,33699,-6021,33343,-6277,32839,-6793,32638,-7008,32131,-6965,31479,-6822,31186,-6788,31058,-6774,31237,-6326,31531,-5765,31885,-5104,32011,-4799,32068,-4666
47872,-27144,47872,-27144,47469,-26764,46917,-26193,46331,-25543,45665,-24856,45393,-24546,44765,-24403,44030,-24319,43191,-24316,42850,-24315,42621,-24275,42444,-24212,42372,-24186,42748,-23810,42524,-24012,42811,-23741,43310,-23236,43530,-23038,43628,-22957,43677,-22423,43973,-21973,44099,-21810,44155,-21748,44177,-21722,44186,-21712,44270,-22234,44387,-22907,44434,-23067,44488,-23404,44504,-23540,44508,-23596,44509,-23618,44510,-23628,44510,-23631,44173,-23226,43706,-22639,43495,-22416,43320,-22284
41667,5941,41667,5941,41667,5941,41125,5738,40920,5659,40447,5754,39862,5949,39211,6113
-37575,1685,-37745,1831,-37817,1882,-37846,1902,-37857,1910,-37862,1913,-37864,1914,-37865,1915,-37865,1915,-37865,1915,-37865,1915,-37865,1915,-37865,1915,-37865,1915,-37865,1915,-37865,1915,-37865,1915,-37865,1915,-37865,1915,-37865,1915,-37865,1915,-37865,1915,-37865,1915,-37865,1915,-37865,1915,-37865,1915,-37865,1915,-37865,1915,-37865,1915,-37865,1915,-37865,1915,-37865,1915,-37279,2073,-36459,2273,-36134,2351,-35999,2393,-35941,2405,-35920,2409,-35911,2410,-35908,2411,-35906,2411,-35906,2411,-35905,2411,-35905,2411,-35905,2411,-35905,2411,-35905,2411,-35905,2411,-35905,2411,-35905,2411,-35905,2411,-35905,2411,-35905,2411,-35905,2411,-35905,2411,-35905,2411,-35905,2411,-35905,2411,-35905,2411,-35905,2411,-35905,2411,-35905,2411,-35905,2411,-35905,2411,-35905,2411,-35905,2411,-35905,2411,-35905,2411,-35905,2411,-35905,2411,-35322,2539,-34577,2712,-33683,2888,-33330,2968,-33191,2996,-33136,3006,-33113,3012,-33104,3015,-33100,3016,-33099,3016,-33098,3016,-33098,3016,-33098,3016,-33098,3016,-33098,3016,-33098,3016,-33098,3016,-33098,3016,-33098,3016,-33098,3016,-33098,3016,-32500,3192,-32248,3262,-32146,3290,-32105,3298,-32087,3301,-32081,3303,-32078,3304,-32077,3304,-32077,3304,-32076,3304,-32076,3304,-32076,3304,-32076,3304,-32076,3304,-32076,3304,-32076,3304,-32076,3304,-32076,3304,-31498,3440,-31248,3496,-31151,3515,-30537,3686,-30299,3741,-30202,3765,-29576,3884,-29325,3932,-29226,3951,-29187,3958,-29171,3961,-29164,3962,-29161,3963,-29160,3963,-29160,3963,-29159,3963,-29159,3963,-29159,3963,-29159,3963,-29159,3963,-29159,3963,-29159,3963,-29159,3963,-29159,3963,-29159,3963,-29159,3963,-29159,3963,-29159,3963,-29159,3963,-29159,3963,-29159,3963,-29159,3963,-29159,3963,-29159,3963,-29159,3963,-29159,3963,-29159,3963,-29159,3963,-29159,3963,-29159,3963,-29159,3963
1102,-25512,1101,-25522,1100,-25526,1100,-25528,1415,-25762,1883,-26148,2403,-26585,2963,-27071,3568,-27529,4166,-28008,4711,-28503,5252,-28961,5869,-29511,6609,-30081,6947,-30372,7101,-30499,7166,-30556,7580,-30445,8159,-30255,8420,-30163,8788,-30171,9448,-30262,9749,-30287,10331,-30518,11083,-30878,11425,-31055,12034,-30936,12795,-30722,13504,-30516,14305,-30280,15129,-30083,16014,-29832,16883,-29521,17707,-29204,18509,-28919,19312,-28648,20175,-28369,21001,-28083,21904,-27754,22777,-27442,23685,-27150,24490,-26892,25275,-26660,25989,-26440,26304,-26322,26863,-26263,27522,-26232,27811,-26218,28365,-26459,29073,-26783,29384,-26913,29944,-26754,30640,-26456,31339,-26134,31653,-25974,31788,-25890,31847,-25859,32121,-25521,32250,-25385,32304,-25326,31952,-25155,31378,-24907,30694,-24620,30021,-24384,29347,-24216,28655,-23988
