>Seq 0
0,0,0,0,0,0,0,0,0,0,0,0,0,0,0,1,1,1,1,1,1,1,1,1,1,1,1,1,2,2,2,2,2,2,3,3,3,4,4,4,4,5,5,5,5,5,5,5,6,6,7,7,8,8,8,8,8,9,10,10,10,10,10,10,10,10,10,10,11,11,11,12,13,14,14,14,14,14,15,15,16,17,18,19,19,20,20,20,21,21,21,21,21,21,21,21,21,21,21,21,22,22,22,22,22,23,23,24,24,24,24
>Seq 1
25,25,26,27,27,27,27,27,27,27,27,28,28,28,28,28,28,28,28,27,27,29,29,29,25,25,25,25,25,25,25,25,25,26,26,26,30,30,30,30,30,30,31,31,31,31,31,31,31,31,31,30,30,30,30,30,32,32,32,32,32,33,33,33,34,34,34,34,34,34,35,35,35,35,35,35,35,35,35,35,35,35,35,35,35,35,35,35,35,35,35,35,35,35,35,35,35,35,35,35,35,36,36,36,36,36,36,36,36,37,38,38,38,39,39,39,39,40,40,40,41,41,41,41,41,41,41,41,41,41,41,41,41,41,41,41,41,41,41,41,41,42,42,42,43,43,43,43,43
>Seq 2
44,44,27,27,27,27,27,27,28,45,28,45,45,28,28,28,28,28,28,27,27,27,27,27,27,27,28,28,28,28,28,28,28,28,28,45,45,45,46,46,46,47,47,47,47,47,47,47,47,47,48,48,49,50,50,50,50,21,21,21,21,22,22,22,22,22,22,23,23,51,51,51,51,51,51,51,51,51,52,52,52,42,42,42,42,42,42,42
>Seq 3
53,53,53,53,53,53,53,53,10,10,54,54,31,55,55,55,55,56,57,31,57,10,10,53,53,58,58,58,58,58,58,58,53,53,53,11,11,59,59,59,59,59,59,60,60,60,61,62,62,62,62,62,62,62,62,62,62,62,35,35,35,35,35,35,35,35,36,36,36,36,37,37,37,37,37,37,37,63,63,63,38,38,64,64,64,64,64,64,64,64,64,64,64,64,64,64,64,64,64,64,41,41,42,42,42,42,42,42
>Seq 4
0,0,0,0,0,0,0,0,0,0,0,0,65,65,65,65,65,65,65,65,65,65,65,65,65,65,65,65,65,65,65,65,65,65,66,66,66,66,66,66,66,66,66,66,66,66,66,66,66,67,68,6,6,6,6,6,6,6,69,69,69,69,69,69,69,69,69,69,69,69,54,70,30,30,30,30,30,30,55,55,71,71,71,72,72,72,72,73,73,73,73,73,73,73,74,74,75,75,75,76,76,77,77,77,77,78,78,78,78,78,78,78,78,21,21,21,21,21,21,21,21,21,21,79,79,79,80,80,80,24,51,51,51,81,81,81,81
>Seq 5
31,55,56,56,56,56,82,82,82,82,82,82,82,56,56,56,33,33,33,33,33,83,83,33,34,35,34,34,34,34,34,34,34,34,34,34,84,84,85,85,85,85,85,85,85,86,86,86,86,86,86,86,87,21,21,21,21,21,21,21,21,21,21,21,21,22,22,23,23,23,88,88,88,88,89,89,89,89,89,89,89,89,89,89,90,90,90,90,90,90,90,90,90,90,90,90,91,91,91,91,91,90,90,92,92,92,93,93,93,93,93,93,93,94,94,94,94,94,94,94
>Seq 6
0,0,0,0,0,65,65,65,65,65,65,65,65,65,65,65,65,65,65,65,65,65,65,65,65,65,65,65,65,65,66,66,67,68,68,68,68,68,68,68,68,68,68,68,68,68,68,68,6,6,6,6,6,6,6,6,6,95,95,96,96,96,97,97,97,97,98,98,98,98,98,98,98,99,99,99,100,101,102,102,103,104,104,103,103,103,105,105,105,105,105,105,105,105,105,105,105,106,106,106,77,77,20,20,20,20,20,20,20,24,24,24,24,24
>Seq 7
1,1,1,1,1,1,1,1,1,1,1,0,0,0,0,0,1,1,1,1,1,1,2,67,67,3,3,3,3,3,3,3,3,3,6,6,6,6,6,8,8,8,8,8,8,8,69,69,69,53,53,53,53,107,108,109,109,109,109,110,110,110,110,111,111,112,112,112,112,113,113,113,113,113,113,113,113,113,114,113,113,113,113,113,113,113,113,113,115,116,116,20,20,20,20,20,21,80,80,117,117,117,117,117,52,52,52,51,51,51,51,51,51,52,52,118,118,118,118,118,118,118,118,118,118,118,118,118,118,118,118,118,118,118,118,118,118,118,118,118,118,118,118,118,118,118,43,43,43
>Seq 8
65,65,65,65,65,65,65,1,1,1,1,1,1,67,119,119,119,119,119,119,119,119,119,119,119,95,95,95,53,53,53,53,53,58,58,58,58,58,58,58,58,58,58,58,58,58,120,120,120,120,120,120,120,60,60,121,121,121,121,122,122,123,123,123,123,123,123,123,123,123,123,123,123,123,123,123,124,124,124,124,124,124,124,124,35,35,35,35,35,35,35,35,35,35,35,36,36,36,36,36,36,36,36,36,125,38,38,126,126,126,127,127,127,127,128,129,22,22,22,22,22,22,22,22,22,79,79,80,51,51,51,89,89,52,52,52,52,52,52,52,52,52,52,92,92,92,92,92,92
>Seq 9
2,68,68,95,95,95,95,95,95,95,53,53,10,10,10,10,10,53,53,53,53,96,96,96,96,96,96,58,58,58,58,58,58,58,58,59,59,59,11,57,57,57,57,10,10,10,10,10,31,10,31,31,54,54,31,30,30,30,30,130,32,32,32,32,32,71,33,33,33,72,73,73,73,73,73,73,73,84,84,84,131,131,18,19,19,132,132,132,21,21,21,21,21,21,21,21,21,21,22,22,23,80,80,80,80,80,51,51,51,51,52,52,52,52,52,52,52,52,52,52,52,52,52,52,52,52,52,52,52,52,52,51,41,41,42,42,42,42,42,42,42,42,42,42,42,42,94,94,94
>Seq 10
133,133,133,133,133,133,133,133,133,133,133,134,43,43,43,43,43,43,43,43,93,93,93,93,93,93,93,93,93,93
>Seq 11
9,9,54,54,54,54,54,54,54,54,70,135,135,135,135,135,9,9,9,9,9,9,9,9,8,8,9,9,9,136,136,136,136,9,9,9,70,70,54,54,30,30,30,30,30,137,137,137,137,32,32,32,71,71,71,72,72,72,73,73,73,73,73,84,84,75,75,18,20,20,20,21,21,21,21,21,21,21,21,21,21,21,21,21,21,21,21,22,23,23,51,51,51,51,51,51,51,51,51,51,51,51,52,52,52,52,52,52,52,52,52,52,52,138,138,138,94,94,94,94,94,94,94,94,94,94,94,94,94,94,94,94,94,94,94,94,94,94,94,94,94,94,94,94,94,94,94,94,94
>Seq 12
133,133,133,133,133,133,133,133
>Seq 13
67,67,67,67,67,67,67,67,67,68,68,68,68,68,95,95,95,95,95,95,96,96,96,96,96,96,96,96,96,96,96,96,96,96,96,96,53,11,11,11,11,11,11,11,12,121,121,121,121,121,121,121,121,121,121,121,121,121,121,121,121,121,121,122,122,122,122,122,122,122,122,122,36,36,36,36,36,36,36,36,36,36,36,36,36,36,36,36,36,36,36,125,125,125,125,125,125,125,125,125,139,139,139,139,139,139,139,140,140,141,141,141,141,141,141,141,141,141,141,141,141,141,141,142,142,142,142,142,142,142,142,142,142,142,142,141,143,143,143,143,143,143,143,143,144,144,144,144,144
>Seq 14
96,96,96,96,96,145,145,145,145,145,145,145,145,145,145,145,145,145,145,145,96,96,96,146,146,146,147,147,148,148,148,148,148,148,148,148,148,148,148,148,148,148,148,148,148,148,123,36,36,36,36,36,36,36,36,36,36,36,36,36,36,36,36,36,36,36,36,36,36,36,36,36,36,36,36,36,62,62,62,83,83,83,83,83,83,83,83,33,33,33,33,33,33,33,83,83,83,83,149,149,149,149,149,149,149,131,131,131,131,131,87,87,132,132,132,132,21,21,21,22,22,22,22,22,22,22,22,23,23,51,41,41,41,41,41,41,41,42,42,42,42,42,42,42,144,144,144,144,144
>Seq 15
64,150,150,150,150,41
>Seq 16
38,38,38,38,38,38,38,38,38,126,126,126,126,126,126,126,126,126,126,38,38,38,38,38,38,38,38,38,38,38,38,38,38,38,125,125,125,125,125,125,125,125,36,36,36,36,36,36,36,36,36,36,36,36,36,36,36,36,36,36,36,36,125,125,125,125,125,125,125,125,125,125,125,125,125,125,125,125,38,38,38,38,38,38,38,38,64,64,64,64,64,64,64,64,64,64,64,64,64,64,64,150,150,150,150,140,140,140,140,41,42,42,42,42,42,42,42,42,42,42,42,42,42,42,151,151,151,151,151,151,151,151,151,151,151,151,151,151,151,151,151,151,151,42,42,42,42,42,42
>Seq 17
140,140,140,141,141,141,141,141,141,141,141,141,141,141,141,141,142,142,142,142,142,142,142,139,139,139,150,150,150,150,150,150,64,64,64,64,64,125,38,38,38,38,126,126,126,126,126,126,126,38,38,38,125,125,125,38,38,38,38,38,38,125,36,36,125,38,38,38,38,38,126,126,126,126,126,39,39,39,39,40,40,40,152,152,152,152,152,152,151,93,93,93,93,93,93,93,93,93,93,93,93,93,93,93,93,93,93,93,93,93,93,93,93,151,151,42,42,42,152,152,152,152,152,41,41,41,41,41,40,40,40,39,39,39,39,40,40,40,152,152,152,152,152,152,152,152,152,152,152
>Seq 18
153,153,153,153,153,153,153,153,153,153,153,153,153,153,153,153,153,153,153,154,154,154,154,154,154,154,154,154,154,154,154,154,154,154,155,155,155,155,155,2,2,2,2,2,2,2,68,68,119,119,119,119,119,119,119,96,96,96,98,98,98,98,100,156,156,156,156,157,157,157,157,157,13,13,13,13,13,13,158,158,158,158,158,158,158,158,158,159,159,159,159,160,160,86,86,86,86,86,86,86,86,86,86,87,87,87,87,87,87,87,21,21,21,24,24,23,23,23,23,23,23,23,23,23,40,40,152,161,161,161,161,161,42,94,94,94,94,94,94,94,94,94,94,94,94,94,94,94,94
>Seq 19
71,71,33,33,34,34,34,34,34,34,34,33,71,71,71,71,71,71,71,32,32,32,32,32,30,30,30,30,30,32,32,32,32,32,32,32,32,32,32,32,32,32,32,32,32,32,32,32,32,32,32,32,32,71,71,71,72,73,73,73,73,46,131,131,131,131,131,131,131,18,18,162,162,162,162,132,132,21,22,22,22,22,163,163,163,163,163,163,163,163,163,163,163,163,150,150,150,140,140,144,144,144,144,144,144,144,144,144,144,144,144,144,144,144,144,144,144,152,152
>Seq 20
140,164,164,164,164,164,164,164,164,164,164,164,81,81,81,81,81,81,81,81,81,81,81,81,81,81,51,51
>Seq 21
36,36,36,36,36,36,36,36,36,36,36,36,36,36,36,36,36,36,36,36,36,36,36,37,37,37,37,37,37,37,37,37,37,37,37,37,37,37,37,37,37,37,125,125,64,150,150,150,150,41,41,41,41,41,140,140,140,140,143,143,143,143,143,143,143
>Seq 22
153,153,153,153,153,153,153,153,153,153,153,153,153,153,153,153,153,153,153,153,153,0,0,0,0,0,0,0,0,0,0,0,0,0,0,0,0,2,2,68,68,68,68,68,119,119,119,119,119,119,119,119,119,119,119,119,96,96,96,96,96,96,58,58,58,58,120,120,120,120,120,120,60,60,60,60,121,121,121,121,121,121,123,123,123,123,123,36,36,37,37,37,36,36,36,36,36,36,36,36,36,36,36,36,36,36,36,36,36,36,36,36,36,125,64,64,64,64,64,64,150,150,150,41,41,41
>Seq 23
36,36,36,36,36,36,36,36,122,122,122,122,122,122,122,122,122,122,122,122,62,82,83,83,83,82,82,82,12,12,12,12,82,82,82,82,82,82,12,12,12,12,11,12,11,11,11,11,57,57,57,57,57,70,70,70,70,70,31,70,70,70,70,70,130,137,137,137,137,137,137,137,137,32,32,71,71,71,71,71,32,32,71,72,73,131,131,131,131,131,18,18,18,87,21,21,21,21,21,21,21,22,22,22,22,22,22,23,51,51,51,51,51,51,51,51,51,51,51,51,51,51,51,41,41,41,41,41,42,42,42,42,42
>Seq 24
30,30,32,32,32,71,71,71,71,33,33,33,71,73,73,73,73,73,73,84,84,149,149,131,18,18,18,20,20,20,20,20,21,21,21,21,21,21,21,21,22,22,22,22,22,23,23,23,80,80,51,51,51,52,52,52,52,52,52,138,138,138,94,94,94,94,94,94,94,94,94,94,94,94,94,94,94,94,94,94,94,144,144,144
>Seq 25
27,27,32,32,32,71,71,71,71,71,71,71,71,33,33,33,33,71,71,71,71,71,55,55,55,55,56,56,56,56,56,56,56,56,33,33,33,33,33,35,35,35,35,35,35,35,35,35,35,35,35,35,35,149,149,149,149,149,149,149,149,149,149,37,37,37,37,37,37,37,37,125,125,125,150,150,150,150,24,24,51,51,51,51,51,51,51,51,41,41,41,41
>Seq 26
143,143,143,143,143,143,143,143,143,143,143,144,144,140,140,140,144,144,140,140,140,140,140,140,140,140,140,140,140,140,140
>Seq 27
64,64,64,150,150,150,41,41
>Seq 28
150,150,150,150,150,150
>Seq 29
10,57,57,57,57,57,57,57,57,12,12,33,33,33,33,33,33,33,33,33,71,71,71,71,71,33,33,33,33,56,56,33,82,82,82,82,82,33,33,33,82,56,33,33,35,35,35,35,35,35,35,35,35,35,35,35,35,35,34,34,34,34,34,34,35,35,35,35,35,35,35,35,35,35,35,35,35,35,35,35,35,36,36,36,36,36,36,36,36,36,36,36,36,36,36,36,36,36,36,36,36,62,62,62,62,62,62,62,62,62,62,62,165,62,62,62,62,166,166,142,142,167,167,167,167,167,167,167,167,140,140,143,143,143,143,143,143,143,143
>Seq 30
94,94,94,42,42,144,144,144,144,144,144,144
>Seq 31
36,36,36,36,36,36,36,36,36,36,36,36,36,36,36,36,36,36,36,36,36,36,36,36,35,35,35,35,36,36,36,36,35,35,34,34,72,72,72,72,27,27,27,72,72,72,72,72,71,71,71,71,71,71,71,71,71,71,71,71,71,71,71,71,33,33,34,149,131,131,131,131,131,131,131,131,131,131,18,18,87,21,21,22,22,22,22,22,22,22,22,22,22,22,40,41,41,41,41,41,41,41,41,41,41,41,41,41,41,41,41,42,42,42,94,94,94,94,94,94,94,94,94,94,94,94,94,94,94,94,94,94,93,93,151,151,151,151
>Seq 32
153,153,153,153,153,153,153,153,153,153,153,0,0,0,65,65,1,1,1,1,1,1,1,67,67,119,119,119,119,119,68,68,68,68,68,68,68,68,68,68,68,68,68,68,68,95,95,95,95,95,53,53,53,53,53,53,53,53,53,53,53,53,53,53,53,53,58,58,58,58,58,58,58,58,58,58,58,58,58,58,58,58,58,58,58,58,58,58,58,58,120,120,120,120,59,59,121,122,122,122,122,62,36,36,36,36,36,36,36,36,36,36,36,36,36,36,36,36,36,36,125,125,64,64,150,150,150,150,150,140,140,140,140,140,140,140,140,140,140,140,140,140,140,164,164,164,164,164,164
>Seq 33
2,2,2,2,2,2,2,2,2,2,2,2,2,2,2,2,2,68,68,68,68,68,68,68,2,2,2,2,2,2,2,2,2,2,2,2,2,2,2,2,2,2,2,2,2,2,2,2,2,2,2,155,155,155,155,155,155,155,155,155,1,1,67,119,119,95,53,53,53,53,53,53,53,53,53,53,53,53,53,53,53,53,53,53,58,58,58,58,59,59,59,60,60,60,60,59,59,59,59,59,59,59,59,59,121,121,123,123,123,123,36,36,36,36,36,36,37,37,37,37,37,37,37,37,37,37,37,38,38,38,38,150,150,150,41,41,41,41,41,41,41,41,41,41,41,41,41,41,42
>Seq 34
17,17,17,131,131,86,86,86,86,86,86,86,87,18,18,20,20,20,20,20,20,20,20,87,87,18,18,18,17,17,125,125,125,125,125,125,125,38,38,38,18,18,18,18,18,18,18,20,20,20,20,20,20,20,20,21,21,21,21,21,21,21,23,23,152,152,152,151,151,151,151,151,151,151,151,151,151,42,42,42,42,42,42,42,42,42,42,42,42,42,94,94,94,94,94,94
>Seq 35
139,139,139,139,139,139,139,64,64,64,64,64,64,64,36,36,36,36,62,62,62,62,62,36,36,36,36,125,125,125,125,125,125,125,125,125,125,125,125,125,125,125,125,64,150,41,41,41,41,140,140,140,140,140,140
>Seq 36
35,35,35,35,35,35,83,83,83,83,83,83,83,62,62,62,83,83,83,83,83,83,83,83,83,83,83,83,83,83,35,35,35,149,37,37,37,63,63,63,63,63,63,168,169,169,170,128,128,163,163,163,163,163,163,163,163,163,163,163,40,41,41,41,41,41,41,94,93,93,93,93,93,93,93,93,93,93,93,93,93,93,94,94,94,94,94
>Seq 37
0,0,0,0,0,0,0,0,0,0,0,0,0,0,0,0,0,0,0,155,155,155,155,155,2,2,2,67,67,67,67,67,67,67,67,67,67,67,67,67,67,67,67,67,67,67,67,96,96,58,58,58,58,58,58,58,58,58,58,58,58,58,58,120,120,120,120,120,120,60,60,60,60,147,101,101,171,171,171,171,171,171,171,171,172,172,103,103,103,103,103,103,103,115,105,173,173,173,174,174,38,125,64,150,150,140,140,140,140,140,140,140,140
>Seq 38
175,175,175,107,175,176,175,175,175,175,175,177,177,147,147,147,147,147,147,147,147,147,147,147,147,147,147,147,146,146,147,147,147,147,147,147,147,147,147,147,147,172,172,172,172,172,15,149,149,149,149,149,149,149,149,149,149,149,131,131,131,63,63,63,63,63,63,63,63,63,63,63,38,38,38,38,39,39,39,39,40,40,40,150,150,140,140,140,140
>Seq 39
30,30,32,32,32,32,32,32,32,32,33,33,71,71,33,83,83,35,35,35,35,35,35,35,35,35,35,35,123,121,121,121,82,121,121,121,121,82,82,124,124,124,35,35,35,35,36,36,36,36,36,36,36,36,36,36,36,36,36,36,36,36,36,36,36,36,36,62,62,62,62,62,62,62,62,62,62,62,62,36,36,36,36,36,36,37,37,37,37,37,37,37,36,36,36,36,125,38,38,38,38,38,38
>Seq 40
42,42,42,42,42,42,42,42,42,42,42,42,42,42,42,42,42
>Seq 41
41,41,41,41,140,140,140,140,140,140,140,140,140,140,140,140,140,140,140,144,143,143,143
>Seq 42
62,62,62,36,36,36,36,36,36,36,36,36,36,36,36,36,36,122,122,122,122,122,122,122,122,122,122,122,123,121,121,121,121,121,123,123,123,123,178,178,178,178,178,178,178,178,178,178,179,179,179,179,63,63,63,63,63,63,63,63,63,63,63,63,63,63,63,63,63,38,38,38,38,38,38,38,64,64,64,140,140,144,144,144,144,144,140,140,140,140,140,41,150,150,150,150,150,150,150,41,41,42,42,42,42,42,41,41,41
>Seq 43
42,42,42,42,161,161,41,41,41,41,41,140,140,140,140,140,140,140,140,140
>Seq 44
41,41,41,41,150,150,150,150,150,150,41,41,42,42,42,42,42,42,42,42,42,42,42,42,42,42,42,42,42,42,42,42,42,42,42,42,42,42,42,42,42,42
>Seq 45
180,9,9,9,9,9,9,9,9,9,9,135,135,130,130,130,130,130,181,137,137,137,137,137,137,137,137,137,137,137,137,32,32,32,71,71,71,71,71,71,71,71,71,71,71,71,71,71,71,71,33,33,33,33,33,33,33,33,71,71,71,71,71,71,55,55,55,55,55,56,33,33,33,33,33,33,33,33,33,33,33,33,33,33,33,33,33,33,33,71,71,71,71,71,33,33,34,34,84,84,84,149,84,149,149,149,149,149,131,131,18,18,19,19,19,19,20,20,20,20,20,20,20,20,20,20,182,182,182,24,24,24,24,24,24,24,24,51,51,51,51,51,164,140,41,41,41,41,41
>Seq 46
153,153,153,153,153,0,0,0,1,67,67,67,67,67,67,67,67,67,67,68,68,68,68,68,68,68,68,68,68,68,68,68,68,68,68,119,119,119,119,96,96,96,96,96,96,96,96,96,96,96,53,53,53,53,53,53,53,53,53,53,69,69,69,10,10,11,177,177,177,177,110,110,110,101,101,101,101,101,101,172,172,172,172,172,183,105,105,105,105,105,184,184,184,184,21,21,21,21,24,24,24,24,24,24,24,24,24,24,24,24,24,24,51,51,51,51,51,51,51,81,81,51,51
>Seq 47
155,155,155,155,155,155,155,155,155,155,155,2,2,2,2,2,2,2,2,2,68,68,95,95,68,68,68,68,2,68,68,68,68,68,68,68,68,68,68,95,95,69,53,53,11,12,11,11,11,53,58,58,58,60,59,59,59,60,60,60,60,59,59,59,59,12,12,82,62,62,62,83,35,35,36,36,36,36,36,36,36,36,36,36,36,36,36,36,36,36,36,37,37,37,37,37,37,37,38,38,39,39,150,150,41,41,41,41,41,41,41,41,41,41,41
>Seq 48
21,21,87,87,87,87,87,18,18,18,18,18,18,18,17,17,17,17,17,17,17,20,20,24,24,24,24,51
>Seq 49
185,185,185,185,185,185,185,143,143,185,185,143,141,141,141,141,141,141,140,41,41,41,41,41,42,42,42,42,42,42,42,42
>Seq 50
22,22,22,22,22,22,22,22,22,22,87,87,18,20,24,24,24,24,24,24,21,21,21,23,23,23,23,40,40,40,40,40,40,41,41,41,41,41,41
>Seq 51
153,153,153,153,153,153,153,153,153,153,65,65,65,65,65,65,65,65,65,65,65,65,65,65,65,65,65,65,65,65,65,65,65,65,65,1,1,1,1,1,1,1,1,1,155,155,186,186,186,186,4,4,5,5,5,5,5,5,5,5,5,5,5,5,5,5,5,5,5,5,5,8,8,8,8,8,9,54,54,54,69,69,6,6,8,8,8,8,54,54,54,54,31,31,31,31,31,31,31,31,31,31,187,187,187,187,29,29,29,29,188,34,34,34,34,34,34,35,35,35,149,149,149,149,149,149,149,149,149,149,149,149,149,149,149,149,149,18,21,24,24,24,24,24,24,24,24,24,24
>Seq 52
38,38,37,37,37,37,37,37,37,37,189,37,149,149,37,37,37,37,37,37,37,37,37,37,37,37,37,37,125,125,125,64,64,64,64,64,64,64,150,150,150,150,150,150,150,150
>Seq 53
1,1,1,2,2,2,2,2,2,2,2,2,2,2,2,2,68,68,68,68,68,68,68,68,68,68,68,68,68,68,68,68,68,68,68,68,68,68,68,68,68,68,68,95,95,53,53,53,53,53,11,11,11,59,12,12,11,12,10,10,10,57,57,12,12,12,12,12,122,122,122,62,62,62,62,62,62,62,36,36,36,36,36,36,36,36,36,36,36,36,36,36,36,36,36,37,37,37,37,37,37,37,37,38,38,125,125,139,139,139,139,139,139,139,140,140,140,140,140,140,140,140,140,140,140,140,144,144,144,144,144,144,144,144,144,144,140,41,41,42,42,42,42,41,41,41,140,140,140
>Seq 54
185,185,185,185,185,185,185,185,185,185,185,185,185,185,185,185,185,94,94,94,94,94,94,94,94,94,94,94
>Seq 55
42,42,42,42,94,94,94,94,42,94,94,94,94,42,152,42,42,41,41,41,190,40,40,40,40,191,191,191,191,191,191,191,191,40,40,163,163,163,163,163,163,163,163,163,163,163,163,163,163,163,163,127,127,127,127,127,127,127,40,40,40,40,40,191,191,192,192,192,192,192,151,151,151,151,151,151
>Seq 56
153,153,153,153,153,153,153,153,153,153,153,153,0,0,0,0,0,0,155,155,3,3,3,3,3,5,5,5,5,5,5,5,5,5,5,5,6,6,6,6,6,6,6,6,6,6,69,69,69,69,69,69,54,54,54,54,54,69,69,69,95,6,6,6,6,6,6,6,6,9,9,9,9,9,9,9,54,54,54,54,54,54,54,31,30,32,32,32,27,72,72,72,72,34,34,34,34,34,34,34,34,34,84,84,84,84,84,84,84,149,149,149,149,149,149,149,149,149,149,149,149,149,149,149,17,17,20,20,24,24,24,24,24,24,24,24,24,24,24,24,24,24,24,24,24,51,51,51,51
>Seq 57
193,194,194,194,193,193,26,26,30,30,30,30,30,30,30,10,10,57,57,57,56,82,82,82,82,82,82,34,34,34,34,34,34,34,34,34,35,35,35,35,35,35,35,35,35,35,35,35,35,149,149,149,149,149,149,149,149,149,18,21,21,24,24,24
>Seq 58
24,24,150,150,150,150,150,150,150,41
>Seq 59
3,3,3,68,68,119,119,67,67,67,67,68,68,95,95,95,95,58,58,58,58,58,58,58,53,107,107,177,177,147,147,147,147,195,13,13,13,13,13,14,14,196,15,16,16,197,197,197,19,19,132,21,21,21,21,21,21,21,22,22,22,22,22,22,22,22,22,22,23,23,23,23,24,24,51,51,51,51,51,51,23,23,23,23,23,21,24,24,24,24,24,24,51,51,51,51,41
>Seq 60
1,1,1,1,1,1,1,2,2,2,2,2,2,2,2,2,2,68,68,95,95,95,53,53,53,10,10,10,10,10,10,10,10,11,11,59,121,121,122,122,62,62,62,62,62,62,62,62,62,62,62,62,62,36,36,36,36,36,36,36,36,36,36,36,36,36,36,36,36,36,36,36,36,36,36,36,36,36,36,36,36,36,36,36,36,36,36,36,36,36,36,36,36,36,62,62,62,62,62,62,36,62,62,62,62,62,62,62,62,62,62,62,62,62,62,62,62,62,189,62,62,62,62,62,62,62,62,62,36,36,36,36,166,142,142,142,142,141,141,141,141,141,141,141,141,141,141,141,141
>Seq 61
35,35,35,35,35,35,35,35,36,36,36,36,36,62,62,62,62,62,62,62,62,62,62,62,62,62,62,62,62,62,62,62,62,62,62,189,189,189,189,189,189,189,189,36,36,36,36,36,36,36,37,198,199,199,199,199,199,40,150,150,150,150,64,125,125,38,125,125,125,125,125,125,125,125,125,125,125,125,125,38,38,38,125,125,125,125,125,125,125,125,125,125,125,125,125,125,125,125,125,125,125,125,125,125,125,38,38,38,38,38,38,38,38,38,38,38,38,38,38,38,38,64,64,64,64,64,39,40,40,190,152,152,152,152,152,151,151,151,151,151,151,151,151,151,151,151,151,151,152
>Seq 62
36,36,36,36,36,36,36,36,36,36,36,36,36,36,36,62,62,62,62,62,62,62,166,142,142,142,141,141,141,141,141,141,141,141,141,141,141,141,141
>Seq 63
42,42,42,42,151,151,151,151,42,42,42,42,42,42,42,42,42,42,42,42,42,152,152,152,40,40,40,40,40,40,40,40,152,152,152,152,152,152,152,152,152,152,152,152
>Seq 64
62,62,62,62,62,83,83,83,83,83,35,35,34,34,34,72,72,72,72,72,27,27,27,27,27,27,27,27,27,27,27,27,27,27,27,27,27,27,27,27,27,27,72,74,74,74,75,75,75,149,149,35,35,35,35,35,35,35,35,35,149,149,149,149,149,149,149,149,149,149,149,149,149,149,149,149,37,37,37,125,36,36,36,36,36,36,36,36,36,36,36,35,35,35,35,35,35,35,35,35,35,35,36,36,36,35,35,35,35,35,35,35,36,36,36,36,36,125,38,18,18,18,18,18,18,18,38,38,64,64,64,64,64,39,163,163,163,40,190,190,161,161,42,42,42,151,151,151,151
>Seq 65
151,151,151,151,151,151,93,93,93,93,93,93,93,93,93,93,93,93,93,93,93,93,93,93,93,93
>Seq 66
152,152,152,152,152,152,152,152,152,152,152,152,152,152,191,191,191,191,191,191,191,191,191,191,191,200,200,200,200,200,201,163,163,163,163,163,163,163,163,163,163,39,39,40,152,152,152,152,152,152,152,152,152,152,152,152
>Seq 67
125,125,125,125,125,125,125,38,38,38,38,38,38,38,38,38,38,38,38,39,39,40,40,152,152
>Seq 68
185,185,185,185,185,185,185,94,94,94,94,94,94,94,94,94,94,94,144,144,144,144,144,144,144,144,94,94,94,94,144,144,144,42,42,41,41,41,42,42,42,42,42,42,42,42,42,42
>Seq 69
125,125,38,38,38,126,126,126,126,126,126,126,126,126,39,39,39,40,40,40,40,40,40,40,40,41,41,41,41,41,41,41,41,42,42,93,93,93
>Seq 70
42,42,42,42,42,42,42,42,42,42,42,42,42,42,42,42,42,42,42,42,42,151,151,202,202,202,202,202,202,152,152,152,152,191,191,191,40,40,40,40,40,40,40,40,40,40,40,39,39,39,39,39,40,152,152,152,152,152,152,152,152,40,40,40,40,40,40,40,40,40,40,40,40,40,152
>Seq 71
155,155,155,155,186,186,186,186,186,186,186,186,186,186,186,186,186,186,155,155,155,155,155,155,155,155,155,155,155,155,155,155,186,186,3,3,6,6,95,68,6,6,5,5,3,3,5,3,3,3,3,3,3,3,3,3,5,5,5,136,136,136,136,136,136,136,136,136,136,135,135,135,135,135,135,135,70,70,70,31,57,71,71,72,72,72,84,84,149,149,149,18,18,18,87,87,21,21,21,21,21,21,21,21,21,21,21,22,22,22,163,163,163,163,163,203,203,203,203,203,40,40,40,40,41,41,41,41,41,41,41,41,41,152,152,42,42,93,93,93,93,93,93,93,93,93,42,42,42
>Seq 72
58,58,58,96,96,96,96,119,119,119,119,119,119,119,119,119,96,96,96,96,96,96,96,58,58,58,58,53,53,53,11,59,59,12,12,12,12,121,121,121,121,121,121,122,122,122,123,123,123,123,36,36,36,36,36,36,36,36,36,36,36,36,36,36,36,36,36,36,36,36,36,37,37,37,37,37,37,37,37,37,37,37,37,37,149,17,125,64,64,150,150,150,150,150,150,150,41,41,41,41,41,41,41,41,41,140,140,140,140,140
>Seq 73
204,204,204,204,204,204,205,205,205,205,205,205,68,68,68,68,68,68,68,68,68,68,6,6,6,6,6,68,68,95,95,95,53,53,53,53,53,53,53,53,53,53,53,53,53,53,53,53,59,59,59,59,12,12,12,12,82,82,124,34,34,34,34,34,34,34,34,34,34,34,34,34,34,34,34,34,34,34,34,34,34,34,34,75,77,206,206,206,206,206,206,206,206,206,182,182,182,182,182,182,182,182,182,182,182,182,182,182,182,24,51,51,51,51,51
>Seq 74
33,33,33,33,34,34,34,35,83,83,83,83,83,83,83,83,33,33,33,33,33,33,33,33,33,33,33,33,33,33,71,71,71,33,33,33,33,33,33,71,71,71,71,71,71,71,71,71,71,71,33,33,33,33,33,33,33,33,33,33,33,83,83,83,83,83,83,35,35,35,35,35,35,35,149,149,149,149,149,149,149,149,149,149,149,149,149,37,37,37,37,37,37,38,38,38,38,39,150,150,150,150,150,150,41,41,41,41,41,41,41,41,51,51,51,51
>Seq 75
69,9,9,135,130,137,137,137,137,137,137,137,137,137,137,137,137,137,137,137,137,32,32,32,32,32,32,32,32,27,27,27,27,34,34,34,34,34,35,35,35,35,35,35,35,35,35,35,35,35,35,35,35,35,35,35,35,35,35,35,35,35,149,149,149,149,149,149,131,18,18,18,18,19,21,21,21,21,21,39,39,39,39,39,163,163,40,40,40,40,41,41,42,42,42,42,94,94,94,94,94,94,94,94,94,94,94,94,93,93,42,41,40,40,152,152,152,152,152,152
>Seq 76
143,143,143,143,143,143,143,143,143,143,143,143,143,143,143,143,143,143,143,143,143,143,143,143,143,143,143,143,143,143,143
>Seq 77
3,3,3,3,3,3,3,3,2,3,186,186,186,186,186,186,186,186,186,186,4,4,5,5,5,5,5,5,5,5,5,5,6,6,6,6,6,6,6,6,6,6,8,8,8,8,69,69,10,10,10,10,175,175,175,175,187,195,195,158,158,158,158,158,207,207,207,207,207,207,207,15,15,15,84,84,84,73,73,84,34,34,35,35,35,35,35,149,149,149,131,131,131,131,86,162,132,132,132,132,21,21,22,22,22,22,22,22,22,23,23,51,51,51,51,51,41,41,41,41,41,41,42,42,42,42,42,42,42,42,42,94,42,42,42,94,94,94,94,94,94,94,94,94,94,94,94,94,94
>Seq 78
34,34,34,34,34,34,34,34,34,34,34,34,34,71,71,71,72,34,34,34,34,34,84,84,84,84,84,84,84,75,75,75,76,76,76,76,76,77,77,77,20,20,20,20,20,20,20,20,20,20,20,20,20,20,20,182,182,182,164,164,164,51,51,51,51,51,51,51,51,51,51,89,89,89,89,89,89,89,89,89,89,89,152,152,152,152,152,152,152,152,152,152,152,152,152
>Seq 79
140,144,144,144,41,41,41,41
>Seq 80
153,153,153,153,153,153,153,153,153,65,65,65,0,0,0,0,0,0,155,186,186,186,186,3,3,3,3,3,3,3,3,68,68,68,68,68,68,68,68,68,3,3,3,3,3,68,6,6,6,95,95,95,95,53,53,53,58,58,58,58,11,12,12,12,12,12,12,195,195,188,29,196,28,28,28,28,28,28,27,27,27,27,27,27,27,27,72,72,72,72,73,73,84,85,85,85,208,208,208,208,208,208,77,77,77,77,77,20,20,20,20,21,21,24,24,24,24,182,24,24,24,24,24,24,24,24,51,51,51,51,51,51,51,51,51,51,51,51,51,51,51,51,51,41,94,94,94,94,94
>Seq 81
0,0,0,0,0,0,0,0,0,0,0,0,0,0,0,0,0,0,0,0,0,0,0,0,0,0,0,155,1,1,2,3,3,3,3,3,67,67,67,67,67,67,67,6,6,6,8,8,8,8,8,8,8,8,9,70,70,70,70,70,70,70,70,70,70,70,70,70,70,70,70,70,70,70,70,70,70,70,30,30,30,32,32,32,71,72,72,72,72,72,72,34,34,34,34,84,84,85,85,85,85,85,85,85,85,85,85,131,131,131,131,131,20,20,21,21,21,21,21,21,21,21,21,21,21,24,24,24,23,23,23,23,23,23,23,152,152,152,152,152,152,41,41,41,41,41,41,41,41
>Seq 82
5,8,8,8,8,8,8,8,8,8,8,8,8,8,8,8,9,9,54,54,54,54,54,9,9,9,9,9,70,70,70,70,30,137,137,137,137,137,32,32,71,71,71,71,71,71,71,71,71,71,33,34,34,34,34,35,35,35,35,35,35,35,35,35,35,35,35,35,35,35,35,35,35,35,35,35,35,35,35,35,35,35,35,209,182,182,182,182,182,182,182,182,182,182,182,182,51,51,51,24,24,24,51,51,51,51,51,51,51,51,51,51,51,51,51,51,51,51,51
>Seq 83
152,152,152,152,152,191,191,191,191,191,163,163,163,39,39,39,39,39,39,39,198,37,37,37,37,37,37,37,37,37,37,210,210,210,210,210,210,210,210,210,210,210,210,210,210,210,210,210,210,210,210,210,210,210,210,210,210,63,63,63,63,63,63,63,63,63,63,63,63,63,63,63,63,63,63,63,63,63,63,63,63,37,37,37,37,37,37,37,37,37,37,37,37,37,37,38,38,64,64,150,150,150,150,150,41,41,41,41,41,41,41,41
>Seq 84
37,37,37,37,37,37,37,37,37,38,63,63,63,63,63,63,63,168,168,168,168,168,168,168,168,168,168,126,163,163,201,201,201,201,191,191,191,191,191,191,152,152,152,152,152,152,152,152,152,152,161,161,93,93,93,93,93,93,93,93,93,93,93,43,43,93,93,93,93,93,93,93,93,93,93,93,93,42,42,93,93,93,93,93,93,93,93,93,93,93,93,42
>Seq 85
55,55,55,71,71,71,33,33,33,33,33,33,33,33,33,33,83,83,83,83,62,36,36,36,36,36,36,36,36,36,36,36,36,36,36,36,36,36,36,36,36,36,36,36,36,36,36,36,36,36,36,36,36,36,36,35,35,35,35,35,35,35,35,35,35,35,35,35,35,35,35,35,35,35,35,35,35,35,35,35,35,35,149,149,37,37,37,37,37,37,37,36,36,125,125,125,125,125,139,139,139,139,140,140,140,140,140,140,140,41,41,41,41,41,41,41,41,41,41,41,41,41,41,41,41,41,41,41,41,41,41,41,41,41,41,41
>Seq 86
166,166,166,142,142,142,141,141,141,141,141,141,141,141,141,141,141,141,142,142,142,142,142,142,142,142,142,142,142,142,141,141,141,141,141,141,141,140,140,140,140,140,139,139,139,139,139,139,139,139,139,139,139,139,139,139,139,139,139,139,150,64,64,64,64,64,125,125,125,125,125,125,125,125,125,125,125,64,39,40,40,40,40,152,152,152,152,152,152,152,152,152,152,152,152,152,152,152
>Seq 87
62,62,62,62,62,62,62,62,62,36,166,166,166,166,142,142,142,142,141,141,141,141,141,141,141,141,141,141,141
>Seq 88
155,155,155,155,155,155,155,155,186,186,186,186,186,186,186,186,3,6,6,6,6,6,6,6,6,6,6,6,6,6,6,8,69,69,69,53,53,53,107,107,108,108,211,211,211,211,212,212,212,212,212,157,213,213,213,213,85,131,131,131,131,87,87,21,21,21,21,21,21,24,24,24,24,24,24,24,24,23,23,23,23,23,23,79,79,79,23,23,23,23
>Seq 89
37,37,37,37,37,37,37,37,37,37,37,37,37,37,37,37,37,38,37,37,167,167,167,167,140
>Seq 90
17,17,17,17,35,35,35,35,35,35,35,35,35,35,35,35,34,34,34,34,34,34,34,34,34,34,34,35,35,35,35,35,35,35,35,35,149,149,86,86,86,86,86,86,86,86,86,86,87,87,87,87,87,87,87,87,87,87,87,87,87,87,87,87,126,126,126,126,39,39,39,39,39,39,39,39,39,39,163,163,40,40,41,42,42,42,42,94,94,94,94,94,94,94,94,94,94,42,42,42,42,42,42,42,42,94,94,94,93,93,93,93,93,93,93,93,42,152,152,152,191,191,191,191,191,191,191,191,40,40,40,40,40,39,39,39,40,40,152,152,152,152,152,152,152,152,152,152,152
>Seq 91
96,96,145,145,145,145,58,58,58,58,58,59,59,59,59,59,59,147,147,148,148,148,148,148,148,148,148,148,148,148,148,148,148,148,148,148,148,148,148,148,148,148,148,148,148,148,124,35,35,35,35,35,35,35,35,35,35,35,35,35,35,35,35,35,35,35,35,35,35,35,35,35,35,35,35,35,35,149,149,149,149,17,17,125,125,37,37,37,37,37,37,37,36,36,36,36,37,63,63,63,168,38,125,36,36,36,125,125,125,125,125,125,125,125,125,125,125,125,125,125,125,125,125,125,125,125,125,125,125,125,38,38,64,64,64,39,39,39,39,39,40,40,202,93,93,93,93,93,93
>Seq 92
36,36,36,36,35,35,35,35,35,35,149,149,37,37,37,37,37,37,37,37,37,125,125,125,36,36,36,125,125,125,125,125,125,125,125,36,36,36,36,36,36,36,36,36,36,36,36,125,125,125,125,37,37,63,63,63,63,63,38,38,38,63,63,63,63,63,63,38,127,127,127,127,127,127,127,127,127,127,127,127,163,40,40,40,40,40,40,40,40,40,40,152,152,42,42,94,94,93,93,93
>Seq 93
36,36,36,36,125,125,38,38,38,38,38,125,125,125,125,125,125,125,125,125,125,125,125,125,125,125,125,125,125,125,125,125,125,125,125,125,125,125,125,125,125,125,125,125,125,125,125,125,125,125,125,125,125,125,125,125,125,125,125,125,125,125,125,125,125,125,125,125,125,125,125,125,125,125,38,38,38,38,38,38,38,38,126,126,126,126,126,126,126,126,126,126,126,126,126,126,126,126,126,126,126,126,126,38,38,125,125,125,125,125,125,125,125,125,125,17,17,17,17,17,17,17,17,17,17,17,17,17,17,17,17,17,17,17,17,17,17,17,17,17,17,20,64,64,150,150,150,150,150
>Seq 94
35,35,35,34,34,34,34,34,34,34,34,34,34,72,27,72,72,27,27,27,72,71,71,33,33,33,33,33,33,33,33,33,33,82,82,82,82,82,33,33,33,33,33,33,33,33,33,33,33,33,33,33,33,33,33,33,83,83,83,83,83,83,35,36,36,36,36,36,36,36,36,36,36,36,36,36,36,36,35,35,17,17,17,17,17,17,17
>Seq 95
143,143,143,143,143,143,143,143,144,144,144,144,144,144,144,144,144,144,144,144,140,140,140,41,41,41,152,152,42,42,144,144,144,144,144,144,144,144,144,144,144,144
>Seq 96
41,41,41,41,41,41,41,41,41,41,41,41,41,41,41
>Seq 97
0,0,0,0,0,0,0,0,0,0,0,0,0,0,0,0,0,0,0,0,0,0,1,1,67,119,119,119,119,119,119,119,119,119,119,119,119,67,67,67,67,119,96,96,96,96,96,96,96,119,119,119,119,119,119,119,119,119,119,119,119,119,68,68,68,68,68,68,68,68,68,68,68,68,6,6,6,8,8,8,8,8,8,8,8,8,8,180,9,54,54,54,10,10,10,10,11,12,12,121,121,56,72,72,73,72,73,84,131,131,131,131,131,131,131,86,86,86,21,132,132,132,132,21,21,21,21,21,21,21,21,24,24,24,24,24,164,164,164,164,164,164,164,81,81,81,81,81,81
>Seq 98
153,153,153,153,153,153,153,153,153,153,153,153,153,153,0,0,0,0,0,0,0,0,0,1,1,1,1,1,1,1,1,1,1,1,1,1,1,1,1,1,1,1,1,1,66,119,119,119,119,119,119,119,119,119,119,119,119,95,95,95,95,95,95,95,95,69,69,69,10,10,57,57,57,57,56,56,56,56,56,82,83,83,83,83,83,83,35,35,35,36,36,37,37,37,37,37,37,37,37,37,37,37,37,37,37,38,38,38,39,39,39,39,39,39,39,40,40,40
>Seq 99
143,143,143,143,143,143,143,143,143,143,143,143,143,143,143,143,143,143,143,143,143,144,144,144,144,144,144,144,144,144,144,144,144,144,144,144,144,144,144,144,144,144,144,144,144,144,144,144,214,199,214,214,214,214,214,144,144,144,144,144,144,144,144,144,144,144,144,144
>Seq 100
71,71,71,71,33,33,33,33,71,71,71,71,71,71,71,33,33,34,34,34,34,84,84,84,85,85,85,131,131,131,131,149,149,149,149,149,149,17,17,17,17,17,17,149,149,84,84,149,149,35,34,34,34,34,34,34,34,34,35,35,35,36,36,36,36,36,36,36,36,36,36,36,36,36,36,36,36,36,36,36,36,36,36,36,36,36,36,36,36,36,36,36,36,36,36,36,36,36,36,36,36,36,36,36,36,36,36,36,36,36,142,142,142,142
>Seq 101
185,185,185,185,185,185,185,185,143,143,143,143,143,143,143,144,144,144,144,144,144,144,144,144,144,144,144,144,144,140,41,140,144,144,144,144,144,140,140
>Seq 102
153,153,153,153,153,153,153,153,153,0,0,0,0,0,0,0,0,155,155,186,186,186,186,186,2,2,2,2,2,2,2,2,2,2,67,67,67,68,68,3,6,5,5,5,5,6,6,6,6,95,95,95,96,96,96,96,96,96,96,96,96,120,120,120,120,58,58,58,215,215,101,101,101,101,101,147,148,148,148,148,148,148,123,123,123,123,123,35,35,35,35,35,35,35,35,35,35,149,149,149,149,149,149,149,149,149,149,149,149,149,149,149,149,149,149,149,149,149,149,149,149,18,20,24,24,24,51,164,164,164,164,164,164,164,164,164,164,164,51,51,51,51,51,51,51,51,51,51,51
>Seq 103
167,167,167,167,36,36,36,36,36,36,36,36,36,36,36,36,36,36,36,36,36,36,36,36,36,36,36,36,36,36,36,36,36,36,36,36,36,36,36,36,36,36,36,36,36,36,36,36,36,36,36,36,36,37,37,37,125,125,125,125,125,125,125,125,125,125,38,38,64,64,64,64,64,64,64,64,64,64,64,64,64,64,150,150,150,140,41,42,94,94,94,94,94,94,94,94
>Seq 104
216,133,133,217,217,217,217,217,217,217,217,217,218,218,219,219,43,43,43,43,43,43,43,43,43,43,43,43,43,43,43,43,43,43,43,43,43,43,43,43,43,43,43,43,43,43,43,43,43,43,43,43,220,220,220,220
>Seq 105
133,133,133,133,133,217,217,217,217,217,217,217,217,217,217,217,43,43,43,43,43,43,43,43,43,43,43,43,220,220,220,220,220,220,220,220,220,220,220
>Seq 106
35,149,149,149,84,84,84,84,84,84,84,84,85,85,85,85,221,86,86,86,86,87,87,87,87,18,17,17,17,75,75,75,75,74,74,74,74,73,73,73,73,73,73,73,84,84,84,85,85,85,85,85,131,131,131,131,131,18,87,87,87,87,18,18,18,18,18,18,18,18,87,87,87,87,87,87,87,87,87,87,87,21,21,21,21,21,21,21,21,21,21,21,222,24,80,80,80,51,51,51,51,51,51,51,51,52,52,52,52,52,52,138,138,92,92,92,92,92,92,92,92,92,92,92,92,92,92,92,92,92,138,138,138,94,94,94,94,94,94,94,94,185,185,185,143,140,140,140,140
>Seq 107
83,83,83,83,83,35,35,35,35,36,37,37,37,37,37,37,37,37,131,18,18,170,132,132,21,21,21,21,21,21,21,21,21,21,21,21,21,21,222,222,222,222,24,24,24,164,81,144,144,144,144,144,144,144,94,94,94,94,94,94,94,94,143,140,140,140,140,140,140,140
>Seq 108
36,36,36,36,36,166,166,166,166,167,167,167,167,167,167,64,64,64,150,150,150,150,150,150,150,150,41,41,41,41,41,41,41,41,41,41
>Seq 109
216,133,133,133,133,217,217,217,217,217,217,217,217,217,217,223,223,219,219,43,43,43,43,43,43,43,43,43,43,43,43,43,43,43,43,43,43,43,43,43,43,220,220,220,220
>Seq 110
57,57,57,57,59,59,59,121,121,121,121,121,121,121,121,178,178,178,15,14,14,213,213,213,46,46,46,85,85,85,85,85,85,85,85,85,85,85,85,85,85,85,84,84,84,84,84,84,84,73,73,73,28,28,73,73,73,85,85,85,18,18,18,20,20,20,20,20,20,20,20,20,20,20,20,20,20,20,20,182,182,182,182,182,182,182,182,182,182,182,182,24,24,24,24,24,24,23,89,89,89,89,89,89,89,89,89,89,89,89,89,89,224,224,224,224,224,224,224,224,90,90,90,90,52,52,52,117,80,80,23,23,23,23,23,23,23,150,150,150,150,150,150,150,41,41,41,41,41
>Seq 111
42,42,42,42,42,42,42,42,42,42,42,42,42,94,94,94,94,94,94,94,94,94,94,94,94,94,94,94,94,94,94,94,94,94,94,94,94,144,144,144,41,150,150,150,150,64,64,64,64,64,64,64,64,64,64,64,64,64,64,64,64,64,64,64,64,64,64,167,167,167,167,167,167,167,167,167,167,167,36,36,36,36,36,36,36,125,125,125,125,125,125,125,125,125,64,139,139,139,139,140,140,140,140,140,140,140,140,141,141,141,141,141,141,141,141,141,141,141,141,141,140,139,139,139,139,139,139,139,139,139,139,139,139,139,139,199,140,140,140,140,140,140,140,140,185,185,185,185,185
>Seq 112
124,124,124,124,124,35,36,36,36,36,36,36,36,36,36,36,36,36,36,36,36,36,36,36,37,37,37,37,37,37,37,37,37,125,125,64,150,150,150,150,150,150,150,150,150,150,150,150,41,41,41,41,41,41,41,41,41,41,41,41,150,150,150,150,150,150,150,150,150,150,150,150,150,150,150,150,150,150,150,150,150,150,41,41,41,41,150,150,150,139,167,139,139,139,139,139,139,139,139,139,139,167,167,167,167,167,167,139,139,167,167,167,139,139,139,139,139,139,167,36,36,36,36,36,36,36,36,36,36,36,36,36,36,36,36,36,36,36,139,139,140,140,140,140,140,140,140,140,140
>Seq 113
121,121,121,82,82,82,82,82,82,82,82,82,82,82,82,124,35,35,35,35,35,35,35,35,35,35,35,35,35,35,35,35,35,34,34,34,34,34,34,34,35,34,34,34,34,35,36,36,36,36,36,36,36,36,36,36,36,36,36,36,36,36,36,37,37,37,37,37,37,37,37,37,37,37,37,37,37,37,37,38,38,150,150,150,150,150,150,150,150,150,150,41,41,41,41,41,41,140,140,140,140,140,140,140,140,140,140,139,139,139,139,139,139,139,139,139,139,139,139,150,150,150,40,40,40,40,40,40,40,41,41,41,41,41,41,41,41,41,41,41,41,41,41,41,41,41,41,41,41
>Seq 114
67,67,67,67,67,67,67,67,67,67,225,225,67,119,119,226,145,145,145,145,145,58,58,58,58,146,146,146,146,100,100,100,100,156,227,227,227,227,227,227,227,228,228,228,13,13,13,13,13,229,196,230,230,230,230,230,230,230,230,230,230,74,74,74,73,73,73,73,73,74,74,231,231,231,231,231,74,75,75,75,75,208,208,208,208,208,208,208,208,232,19,21,21,21,21,21,21,21,21,21,21,21,21,21,21,21,24,24,24,24,80,80,80,80,51,51,51,51,51,52,52,52,52,52,52,52,52,52,52,52,52,52,52,52,52,81,81,81,81,81,81,81,144,144,144,144,144,144,144
>Seq 115
35,35,35,35,35,35,35,35,35,35,35,35,35,35,35,35,149,131,131,131,131,85,85,85,85,85,85,85,85,208,208,50,50,50,78,21,21,21,21,22,22,22,22,22,23,23,23,23,23,80,80,80,80,80,80,51,51,52,52,52,52,52,138,92,92,92,92,92,92,92,92,92,92,92,92,92,92,92,92,92,92,92,92,138,138,138,138,94,185,185,185,185,185,185,185,185,185,185,185,185,185,185,185,185,185,185,144,144,144,144,144,144,144,144,144,144,144,144,144,144,144,185,185,185
>Seq 116
64,64,64,64,64,64,64,64,64,125,125,37,37,36,36,36,36,36,36,36,36,36,36,36,36,36,36,36,36,36,36,36,36,36,36,36,36,36,36,36,36,36,36,36,36,36,36,36,36,36,36,36,36,36,36,36,36,36,36,36,36,37,37,37
>Seq 117
85,85,85,85,221,221,233,233,233,221,221,221,86,86,87,21,22,22,22,23,23,23
>Seq 118
64,64,64,64,64,150,150,150
>Seq 119
1,1,1,1,1,1,1,1,67,67,67,67,119,119,119,119,119,119,226,226,226,226,226,145,145,145,145,145,145,145,145,145,145,145,145,145,145,96,96,96,96,96,58,58,58,58,59,148,148,148,148,148,148,148,148,148,148,148,148,148,148,148,148,148,148,148,148,148,148,148,148,148,148,148,148,124,124,124,124,234,234,235,235,235,235,235,235,235,235,235,235,235,235,235,235,235,235,235,235,235,235,235,235,235,182,182,182,182,182,182,182,164,164,164,164,164,164,164,164,164,164,164,140,140,140,140,140,140,140,140,140,140,140,140,140,141,141,141,141,141,141,141,141,141,141,140,140,140,140
>Seq 120
58,58,58,58,58,58,58,58,58,58,58,53,53,53,53,53,53,53,53,69,69,69,69,69,53,53,53,53,69,69,69,69,53,95,68,68,68,6,6,6,69,69,69,69,69,69,69,69,69,69,69,69,69,69,69,69,69,69,69,69,69,69,69,69,69,69,10,69,69,69,69,69,69,69,10,10,10,57,57,57,57,57,12,12,12,82,83,83,83,83,83,83,83,62,62,62,36,36,36,36,36,36,36,36,36,36,36,36,36,36,36,37,37,37,37,37,37,37,37,37,36,36,36,167,167,167,150,150,150,150,150,150,150,150,150,150,41,41,41,41,41,41,41,41,41,41,41,41,41
>Seq 121
144,144,144,144,144,144,144,144,140,140,140,140,140,140,140,140,140,140,140,140,140,139,139,139,139,139,139,139,139,139,139,139,139,139,139,139,139,139,139,139,139,139,150,150,64,64,64,64,64,64,64,64,64,64,64,64,64,125,125,64,150,41,41,41,41,41,41,41,41,41,41,41,41
>Seq 122
143,143,143,143,143,143,143,141,141
>Seq 123
69,69,69,69,54,54,54,54,54,54,54,54,54,54,54,54,54,10,10,10,10,10,11,12,12,12,12,12,12,12,121,121,121,83,83,83,83,35,35,36,36,36,36,36,36,36,36,36,36,36,36,36,36,36,36,36,36,36,36,36,36,36,36,167,167,139,139,139,139,139,139,139,139,139,139,139,139,139,139
>Seq 124
21,21,21,21,24,150,150,150,150,150
>Seq 125
143,143,143,185,185,185,185,185,141,139,139,139,139,139,139,140,140,140,140,140,140,140,140,140,140,140
>Seq 126
153,153,153,153,153,153,153,153,153,153,0,0,0,0,0,0,0,1,1,1,1,67,67,67,67,67,2,2,2,2,2,2,68,68,68,68,68,3,3,3,3,3,68,68,68,68,68,68,68,68,95,95,95,95,95,95,95,95,95,95,236,236,236,107,107,175,177,177,11,59,59,59,59,12,12,12,195,195,195,188,188,188,72,72,72,72,35,35,35,35,35,35,35,35,35,35,35,35,36,36,36,36,36,36,36,36,36,36,36,36,36,36,36,36,36,36,36,36,36,36,36,36,36,167,139,139,139,139,139,139,139,139,150,150,150
>Seq 127
94,94,94,94,94,94,94,94,94,94,94,94,94,43,43,43,43,220,185,185,185,185,185,185,185,185,185,185,185,185,185,143,143,143,143,185,185,185,185,185,185,144,144,144,144,144,144,144,144,144,144,144
>Seq 128
73,73,73,73,73,73,84,84,84,84,84,149,149,149,149,149,149,149,149,37,37,37,36,36,37,37,37,37,125,125,125,125,125,125,125,125,125,125,125,125,125,125,64,64,64,150,150,150,150,150,150,150,41
>Seq 129
65,65,65,153,153,153,153,153,153,153,153,65,65,65,65,65,65,65,65,65,65,65,1,1,1,1,1,1,1,1,2,2,2,2,68,68,95,95,69,69,69,69,69,69,69,69,69,69,69,69,69,69,69,69,69,69,53,53,53,11,11,11,11,57,57,57,57,187,187,187,157,157,157,157,213,207,207,207,207,85,85,85,85,85,85,208,19,132,132,132,132,132,21,21,21,21,21,21,21,21,21,21,21,21,21,21,24,24,23,23,23,24,51,51,52,52,138,138,138,138,138,138,138,138,138,138,138,138,81,81,81
>Seq 130
36,36,36,36,36,36,36,36,36,36,36,125,125,125,125,125,125,125,125,125,125,125,125,125,125,125,64,150,150,150,150,41,41,41,41,140,140,140
>Seq 131
150,150,150,150,150,150,150,150,150,150,150,150,150,41,41,41,41,140,140,139,139,139,139,139,139,139,139,139,139,139,139,167,167,167,36,36,36,36,36,36,36,36,36,36,36,167,139,139,139,140,140,140,140,140,140,140,140,140,140,140,140,140,140,140,140,140,140,140,140,140,140,140,140,141,141,141,141,141,141,141,141,141,141,141,141,141,141,141,141,141,142,142,142,142,142,142,142,142,142,142,139,139,139,139,139,139,139,139,139,139,139,139,64,64,64,64,64,64,64,64,64,64,64,64,64,64,64,64,39,39,39,39,39,39,150,150,150,64,64,64,64,64,64,64,64,64,64,64,150
>Seq 132
8,8,8,8,8,8,6,6,95,95,53,53,53,53,53,53,53,53,53,53,58,58,58,58,58,58,58,59,59,59,147,59,59,148,123,123,123,123,123,123,123,123,123,123,123,123,123,36,36,36,37,37,37,38,39,39,150,150,150,150,150,150,150,41,41,41,41,41,41,41,41,41,41,41,41,41,41,41,150,150,150,150,41,41,41,41,41,41,41
>Seq 133
65,65,65,66,67,67,67,67,67,67,67,119,119,119,119,119,119,119,95,95,95,95,53,53,53,53,53,53,53,58,58,58,58,58,58,58,58,58,59,147,147,147,147,147,59,148,148,148,148,148,148,148,123,123,123,36,36,36,36,36,36,36,36,36,36,36,36,36,36,36,36,36,37,37,37,37,37,37,37,36,36,36,36,37,37,37,37,37,125,125,125,36,36,36,167,167,139,139,139,140,140,140,140,140,140,140,140,140,140,140,140,140,140,140,41,143,143,143,143,143,143,143,143,143,143,143,143,140,140,140,140
>Seq 134
90,90,90,90,90,90,90,90,90,90,90,90,90,90,89,89,51,51,51,51,51,23,23,23,23,23,23,23,23,23,150,150,150,150,39,39,39,39,39,39,39,64,64,64,64,64,64,64,64,64,125,64,64,150,150,150,150,150,41,41,41,41,41,41,41,41,41,41,140,140,139,139,139,139,139,139,139,139,139,139,140,140,140,140,140,140
>Seq 135
0,0,0,1,67,67,155,155,155,155,155,155,2,2,119,68,68,119,119,119,119,119,95,95,95,95,95,95,69,69,69,69,69,69,69,69,53,53,53,146,146,146,146,146,177,177,177,175,175,175,175,175,175,187,187,187,229,229,196,14,14,14,213,207,207,85,85,85,85,85,85,85,208,233,233,78,78,78,78,78,237,237,237,237,237,237,237,22,22,22,22,23,23,51,51,51,51,51,51,51,51,51,51,51,51,81,81,81,81,81,81,81,81,51,51,51,51,51,51,51,51,51,51,51,51,51,51,51,52,52,52,138,138,138,138,138,138,138,138,138,138,138,94,94,94,144,144,144,144
>Seq 136
40,41,41,41,41,41,41,150,150,150,150,150,150,64,167,167,36,36,36,36,36,36,36,36,36,36,36,139,139,139,139,140,140,140,140,140,140,140,140,140,143,143,143,143,143,143,143,143,143,143,143,141,139,139,139,139,139,139,139,139,150,150,150,150,64,64,64,39,39,39,39,39,150,150,150,150,150,150,150,150,150,41,41,41,41,41,41,41,41,41
>Seq 137
35,35,35,35,35,35,35,35,35,35,35,35,35,35,35,36,36,36,36,36,36,36,36,36,36,36,36,36,37,37,37,37,37,37,37,37,37,37,37,125,125,125,125,125,125,125,125,125,125,125,125,125,125,125,125,125,125,125,125,125,125,125,125,125,125,125,125,125,125,125,125,125,125,125,125,125,125,125,125,125,125,125,125,125,125,125,125,125,38,38,38,38,38,38,38,64,64,64,64,64,64,64,64,64,64,64,64,139,41,42,42,42,42,42,42,42,42,42,42,42,42,42,42,42,42,42,42,42,42,42,42,42,42,42,42,42,42,42,42,42,42,42,42,42,42,144,144,144,144
>Seq 138
68,68,68,68,68,68,68,68,68,68,68,68,68,68,68,68,68,68,68,68,8,69,69,69,69,53,58,58,58,58,58,58,58,59,59,59,59,147,147,147,147,147,195,195,195,195,195,195,195,123,123,123,123,123,123,123,123,36,36,36,36,36,37,37,37,37,125,125,125,125,125,125,64,150,150,150,150,150,150,150,150,150,150,150,150,150,150,150,150,41,41,41,41,41,41,41
>Seq 139
167,167,167,167,167,167,167,167,139,139,139,139,139
>Seq 140
35,35,35,35,35,83,83,83,83,83,83,83,83,83,83,83,83,83,83,83,83,83,83,83,83,83,82,82,82,35,35,35,35,35,35,35,35,35,149,149,149,37,37,37,37,37,125,125,125,38,64,64,64,64,64,64,64,64,39,39,39,39,39,39,39,39,150,150,150,150,150,150,150,150,150,140,140,140,150,150,41,41,41,41,41,41,41,41,140,140,140,140,140
>Seq 141
153,153,153,153,153,153,153,153,153,153,153,153,153,153,153,153,153,153,0,0,0,0,0,0,0,0,0,0,0,0,0,0,1,1,1,1,1,2,2,2,2,2,2,186,186,186,186,186,186,2,2,68,68,68,68,68,68,68,68,68,68,68,68,95,95,95,95,95,96,96,96,53,53,53,53,53,53,58,58,58,58,59,59,12,12,12,195,195,195,195,195,195,195,195,195,13,13,158,158,158,158,238,238,239,239,239,239,239,239,239,239,16,16,234,235,235,235,235,235,235,235,235,235,235,235,235,235,235,235
>Seq 142
11,11,11,53,53,53,11,11,11,53,53,53,53,11,11,11,11,11,11,11,11,11,11,57,57,57,57,56,56,56,56,83,83,83,62,62,62,62,62,62,62,62,36,36,36,36,36,36,36,36,36,36,36,36,36,36,36,36,36,36,36,36,36,36,36,36,36,37,37,37,37,37,37,37,37,125,125,125,125,125,125,125,125,125,125,125,125,125,125,125,125,125,125,125,125,125,125,125,125,125,125,125,125,125,125,125,125,125,125,125,125,125,125,125,125,125,125,125,125,125,38,64,64,64,64,64,64,64,64,64,64,64,64,150,150,40,42,42,94,94,94,94,94,94,94,94,94,94,94
>Seq 143
86,86,86,87,87,87,87,87,87,87,87,87,87,87,87,240,240,240,87,87,87,87,87,87,87,87,87,18,18,18,17,17,17,17,17,17,17,17,17,17,17,75,74,74,74,75,75,75,18,18,18,18,18,18,38,38,38,38,38,125,125,125,125,125,125,125,125,125,125,125,125,125,125,125,125,38,38,38,38,38,38,38,125,125,125,125,125,125,125,125,125,125,125,125,125,125,125,125,36,36,36,36,36,36,37,37,37,198,198,198,198,139,139,140,140,140,140,140,140,140,140,140,141,143,143,220,220,220,185,185,185,185,185,185,185,185,185,185,185,185,185,185,185,185,185,185,185,185,185
>Seq 144
93,94,94,94,42,42
>Seq 145
6,6,6,6,6,6,95,69,69,69,69,69,69,69,69,69,54,54,10,10,175,175,175,109,109,241,229,229,229,229,229,157,242,243,243,243,243,244,244,244,245,245,245,245,78,246,246,246,246,246,246,246,246,246,246,246,246,246,247,247,247,247,247,247,247,247,247,247,247,247,247,247,247,247,247,248,248,81,81,81,81,81,81,81,81,81,81,81,81,81,81,164,164,164,51,51,51,51,51,51,52,52,52
>Seq 146
249,249,249,42,42,42,42,41,41,41,41,144,144,144,144,144,144,144,144,144,144,144,144,144,144,144,144
>Seq 147
98,98,98,97,97,97,97,96,96,96,96,96,96,96,96,53,53,58,53,58,58,58,58,58,59,59,59,59,59,59,59,59,59,59,59,59,59,59,12,12,82,82,82,82,82,124,124,35,35,35,35,35,36,36,36,36,36,36,36,36,36,37,37,37,37,37,37,37,37,37,37,37,38,39,39,39,150,150,150,150,150,150
>Seq 148
62,62,62,62,62,62,62,62,62,62,62,62,62,62,36,36,36,36,36,36,36,36,36,36,36,36,36,36,36,36,36,36,36,36,36,36,36,125,125,125,125,125,125,125,125,125,125,64,64,64,64,64,64
>Seq 149
68,68,68,3,3,3,6,6,6,6,6,6,6,6,6,6,6,6,3,6,6,6,6,6,69,69,69,54,54,10,54,10,10,10,10,10,53,53,53,53,53,53,53,53,53,95,95,95,95,95,96,96,96,96,53,53,31,31,31,31,31,31,31,31,57,12,12,12,121,121,121,148,172,15,14,14,84,84,84,84,84,84,84,75,75,75,75,76,17,17,17,64,64,64,64,64,64,64,64,64,64,39,39,39,39,39,39,39,39,39,39,39,39,39,40,40,41,41,41,41,41,41,41,41,42,42,42,42,42,42,42,42,42,42,42,42,42,42,41,41,41,41,41,41,41,41,41,41,41
>Seq 150
93,93,93,93,93,93,93,93,93,93,93,93,93,93,93,93,93,93,93,93,93,93,93,93,93,93,93,94,94,185,185,185,185,185,185,185,185
>Seq 151
6,6,6,6,6,6,6,6,6,6,6,6,6,6,6,6,6,69,6,6,6,6,6,6,6,6,6,6,6,6,6,6,6,95,95,95,95,95,95,95,95,95,95,95,95,95,95,95,95,95,95,95,95,95,95,95,95,95,95,95,95,95,95,95,95,95,95,95,95,95,95,95,95,95,95,95,95,95,53,53,53,53,53,53,53,11,11,11,12,12,12,12,12,12,121,121,121,121,82,82,82,82,82,82,83,35,35,35,35,35,35,35,35,35,35,35,35,35,35,35,35,35,35,35,35,35,35,35,35,35,35,35,35,17,20,20,182,182,182,182,182,182,182,182,182,182,182,139,139
>Seq 152
2,2,68,3,3,3,3,3,3,3,3,3,6,6,95,95,69,69,69,69,69,69,69,69,69,69,69,10,10,10,54,54,54,176,176,25,26,26,29,29,188,188,188,188,188,188,188,188,188,14,14,14,196,196,28,28,28,28,28,28,28,28,28,28,73,73,84,84,84,73,73,73,73,28,28,28,73,84,84,149,149,149,149,149,37,37,37,37,37,37,37,37,37,37,37,37,63,63,63,63,37,37,37,37,37,37,37,37,37,125,125,125,125,125,125,37,38,38,39,39,39,39,150,150,150,150,139,139,139,139,139,139,140,140,140,140,140,140,140,140,140,140,140,140,140,140,140,140,140
>Seq 153
38,38,38,18,18,18,18,18,87,87,87,18,18,18,18,208,208,250,250,250,250,250,250,74,74,74,74,74,74,74,74,75,75,75,17,17,17,17,17,37,37,36,36,36,36,36,36,36,36,125,125,125,125,125,125,125,125,125,125,125,125,125,125,125,125,125,125,125,125,125,125,125,125,125,125,125,125,125,125,125,125,125,125,125,125,125,125,125,125,125,125,125,125,36,36,36,36,36,125,125,125,125,125,125,125,125,125,125,125,125,125,125,38,38,38,38,38,18,18,18,18,18,18,18,18,18,18,18,18,18,18,20,20,20,20,20,20,20,21,21,21,21,21,21,21,23,80,80,80
>Seq 154
36,36,36,36,36,36,36,38,38,38,38,38
>Seq 155
119,67,119,119,119,68,68,68,68,68,68,68,68,68,68,68,68,68,68,68,68,68,95,95,95,95,53,11,11,10,10,10,11,11,11,11,11,11,11,177,177,175,175,177,177,177,177,177,147,147,195,15,15,131,131,131,131,131,131,131,63,63,63,63,38,38,38,38,38,38,39,39,150,150,150,150,150,150,150,150,150,150,150,150,150,150,150,150,150
>Seq 156
132,132,132,132,132,132,251,251,251,132,222,222,21,21,21,21,21,21,21,21,21,21,21,21,21,21,20,20,77,77,208,208,208,18,18,18,18,18,18,18,18,18,18,87,87,87,87,233,233,233,208,75,75,125,125,125,125,125,125,125,125,125,125,125,125,36,36,36,36,36,36,36,36,36,36,36,36,36,36,36,36,36,36,36,36,125,125,125,125,125,125,125,125,125,125,125,125,125,125,125,125,125,125,125,125,125,125,125,125,125,125,125,125,125,125,125,38,38,38,38,38,38,38,38,38,38,38,38,38,38,38,38,38,38,64,64,64,150,150,150,150,150,150,150,150,150,150,150,150
>Seq 157
121,148,148,123,123,123,123,123,148,148,148,148,148,148,148,148,148,148,148,121,121,121,121,121,121,121,121,121,122,123,123,123,123,123,123,123,123,35,35,35,35,35,35,83,35,35,35,35,35,35,35,35,35,35,35,124,124,124,124,124,124,124,124,35,35,35,35,35,35,35,35,35,36,36,36,36,36,36,36,36,36,36,36,36,36,36,36,36,36,125,125,125,125,125,125,125,125,125,125,125,125,125,125,125,125,125,125,125,36,36,167,167,139,139,139,139,140,140,140,140,140,140,141,141,141,141,141,141,141
>Seq 158
51,51,24,24,24,24,182,182,182,64,64,64,64,64,39,21,21,21,21,24,21,21,21,21,22,22,22,23,23,51,51,51,51,51,51,51,51,51,51,51,51,51,51,51,51,80,51,41,151,151,93,93,93,93,93,93,93,93,94,42,42,42,42
>Seq 159
119,119,119,119,119,119,119,119,96,96,96,96,96,96,96,58,58,58,11,11,11,11,11,11,11,11,121,121,121,121,121,121,121,121,121,121,121,148,148,148,124,124,36,36,36,36,36,36,36,36,36,36,36,36,36,36,125,125,125,38,38,38,125,125,125,64,64,64,64,139,139,139,139,139,139,140,140,140,140,140,140,140
>Seq 160
94,94,94,94,94,94,94,94,94,94,43
>Seq 161
41,41,152,41,40,40,40,40,40,139,139,139,139,139,150,150,150,150,140,140,140,164,164,164,164,164,164,164,51,51,51,51,51,51,51,51,51,51,51,51,51,51,51,51,51,51,51,52
>Seq 162
252,252,252,252,252,253,253,253,253,253,253,253,253,253,93,94,94,94,144,143,143,185,185,185,185
>Seq 163
36,36,36,36,36,36,36,36,36,36,36,36,35,35,35,35,36,36,36,36,36,36,36,36,36,36,36,36,36,36,36,36,36,36,37,37,37,38,64,64,139,139,139,140,140,140,140,140,140
>Seq 164
94,94,94,94,94,94,94,94,94,94,94,94
>Seq 165
185,185,185,185,185,185,144,185,185,94,94,254,40,40,40,39,39,39,39,163,163,163,163,126,126,126,168,126,126,126,126,126,39,39,40,40,40,40,40,40,40,40,40,191,191,191,152,152,152,152,144,144,144,144
>Seq 166
153,153,153,153,153,153,153,153,153,153,153,153,153,153,153,0,0,1,1,1,1,1,1,1,1,1,1,1,1,1,1,1,1,1,1,1,1,1,1,1,1,1,1,1,1,1,1,67,67,119,53,53,53,53,53,69,69,69,69,69,69,69,69,69,69,69,69,69,69,69,53,53,53,53,58,58,58,58,59,59,147,13,13,13,13,172,103,103,173,173,174,174,106,255,255,255,255,255,256,256,256,256,256,257,257,257,257,257,258,259,259,259,259,259,51,51,51,51,51,51,51,51,52,52,138,138,138,138,92,92,138,138,138,138,138,138,138,138,81,81,81,81,51,51,52,52,138,94,94
>Seq 167
153,153,153,153,153,153,153,153,65,65,65,1,1,155,155,155,1,2,68,68,68,68,68,68,68,68,68,68,68,68,68,68,68,68,68,68,68,68,68,68,68,68,119,119,67,67,67,119,119,95,95,53,53,53,53,53,53,53,53,53,53,53,53,53,53,53,53,53,58,59,59,59,121,121,121,148,148,148,148,148,148,121,121,121,121,121,121,121,121,121,122,36,36,36,36,36,36,36,36,36,36,36,37,37,36,36,36,125,125,125,64,64,64,64,139,139,139,139,139,139,139,139,139,139,64,64,150,150,41,41,41,41,41,41,41,41,41,41,41,41,41,150,150,150,150
>Seq 168
65,65,65,1,1,67,67,67,67,67,67,67,67,67,67,67,67,67,67,67,67,67,67,68,68,68,95,68,2,2,2,2,69,69,69,69,69,69,69,69,53,53,53,53,53,53,53,53,53,58,58,58,146,146,146,100,100,101,227,227,227,227,227,158,239,239,239,106,116,116,116,20,20,20,20,21,21,78,78,78,78,237,22,22,22,23,23,23,23,23,23,23,23,80,80,80,80,117,52,52,52,52,138,138,138,138,138,138,138,138,138,138,138,138,138,138,138
>Seq 169
53,53,53,53,53,53,58,58,58,58,58,58,58,58,58,58,58,59,59,59,59,121,121,121,121,121,121,121,82,59,12,12,11,58,59,59,59,59,59,59,59,59,59,121,121,121,82,83,83,83,83,35,35,36,36,36,36,36,36,36,36,36,36,36,36,36,36,125,125,125,125,125,125,125,125,125,125,125,125,125,125,125,125,125,125,125,125,125,125,125,125,125,125,125,125,125,125,125,125,125,125,125,125,125,64,150,150,150,150,150,150,41,41,41,41,41,41,41,41
>Seq 170
149,149,149,149,149,149,149,35,35,35,35,35,36,37,37,37,37,37,37,37,37,37,37,37,37,37,37,37,37,37,38,38,39,39,39,39,39,39,39,39,40,39,39,39,64,64,139,142,141,141,140,140,140,140,140,140,140,140,140,140,140,140,140,140,140
>Seq 171
43,43,219,219,219,219,219,219,219,219,219,219,219,219,219,219,94,185,185,185,185,185,185
>Seq 172
65,65,65,65,65,153,153,153,153,65,1,1,1,1,1,1,1,1,1,67,67,67,67,119,119,119,119,119,119,119,119,119,119,119,96,96,96,96,96,96,96,96,53,53,53,53,53,53,53,53,53,11,59,59,59,59,59,59,59,59,59,121,12,121,121,121,148,148,148,148,148,148,148,172,260,260,260,260,260,260,260,260,261,261,262,183,263,263,263,263,263,184,184,184,184,21,21,21,21,21,21,21,22,22,22,80,80,80,80,80,80,80,80,80,80,81,138,264,264,264,264,264,264,248,248,248,248,264,248
>Seq 173
143,143,143,143,143,143,143,143,143,143,143,143,143,143,143,144,140,140,140,144,144,144,144,144,144,140,140,140,140,140,140
>Seq 174
66,66,66,67,67,67,67,67,67,67,67,67,67,67,67,67,67,68,68,95,95,95,53,53,53,53,53,53,53,53,53,53,53,53,53,53,53,58,58,58,58,58,58,58,58,58,58,58,58,58,58,58,58,59,59,12,12,12,12,12,121,121,121,121,121,148,123,36,36,36,36,36,37,37,37,37,37,37,37,37,37,37,37,37,37,37,37,37,37,37,125,125,125,125,125,64,64,150,150,150,150,150,150,150,41,41,41,41,41,144,144,41,41,41,41,41,41,41,41,41,41
>Seq 175
119,119,119,119,95,119,119,119,96,96,96,96,96,96,96,96,58,58,58,58,58,58,58,59,59,121,121,121,82,83,83,83,82,82,82,82,82,82,82,124,124,124,124,35,35,35,35,35,35,35,35,35,35,35,35,35,35,35,35,35,35,35,35,35,35,35,35,35,35,35,35,35,35,35,35,35,35,35,35,36,36,36,36,36,36,36,36,36,36,36,36,36,36,36,36,36,36,167,139,139,139,139,139,139,139,139,139,139,139
>Seq 176
155,155,155,155,155,155,1,1,1,1,1,1,1,1,1,1,1,1,1,1,1,1,1,1,1,1,1,1,1,1,1,1,67,67,119,119,95,95,95,95,95,95,95,95,95,95,95,95,95,95,95,95,95,95,95,53,53,53,53,53,53,53,53,53,59,59,12,12,12,12,12,12,12,12,195,195,195,195,124,124,15,15,15,15,15,15,15,15,149,149,149,149,149,17,17,17,17,265,265,265,17,17,20,20,20,20,20,64,64,64,64,64,64,64,64,64,64,64,64,182,182,182,182,182,24,24,24,24,24,24
>Seq 177
1,1,1,1,2,2,2,2,1,1,1,1,1,1,67,67,67,67,67,67,67,67,67,67,67,67,67,67,119,119,119,119,119,119,119,119,119,119,119,119,119,119,119,96,96,58,58,58,58,58,58,58,58,58,58,58,58,11,12,12,12,56,56,55,57,57,11,11,11,11,11,11,11,11,11,12,12,55,55,71,71,71,71,72,72,73,73,73,73,73,73,73,73,46,208,208,208,208,208,77,77,77,77,77,77,78,78,78,78,78,78,78,78,78,78,78,78,78,78,78,78,78,78,78,78,246,246,246,246,246,246,246,246,246,246,246,247,247,247,81,81,81,81,81,81,81,81,164,164
>Seq 178
25,26,26,26,26,27,72,72,72,72,72,72,72,72,73,73,73,73,73,73,73,73,74,74,250,250,208,77,77,77,77,77,77,20,20,20,20,20,20,20,20,20,20,20,20,20,20,20,20,20,182,182,182,182,182,182,182,182,182,182,182,182,182,182,182,182,182,182,182,182,182,182,182,182,182,24,24,24
>Seq 179
143,143,143,143,143,143,143,143,143,143,143,143,143,143,143,143
>Seq 180
33,33,33,33,33,33,33,33,83,83,33,71,71,71,71,71,32,27,27,27,27,73,73,73,73,46,46,85,85,85,85,85,85,85,85,85,85,85,131,131,131,86,87,87,87,87,132,132,132,132,132,21,21,21,21,22,22,22,22,79,80,80,80,80,80,80,23,23,23,23,23,23,23,23,24,24,24,24,51,41,41
>Seq 181
10,55,32,32,32,32,32,32,32,32,32,32,71,71,33,33,33,34,34,34,34,34,34,84,85,85,85,85,85,85,85,85,85,85,85,85,84,84,84,84,84,85,131,131,131,131,131,131,131,18,18,87,87,87,132,132,132,132,132,21,24,24,24,24,24,24,24,24,24,24,24,24,150,150,150,150,150,150,150,150,150,150,150,150,41,41,41,41
>Seq 182
143,143,143,143
>Seq 183
125,125,125,125,125
>Seq 184
94,94,94,94,94,94,185,185,185,185,185,185,185,185,185,185,185,185,185,185,185,185,185,185,185,185,185,143,141,141,141,141,141,141,141,141,141,141,141,140,140,140,140,140,144,144,144,144,144,144,144
>Seq 185
41,41,41,41,41,41,41,41,41,41,41,41,41,41,41
>Seq 186
3,3,3,3,3,3,3,68,68,68,68,68,68,68,68,68,68,68,68,68,68,68,68,68,68,68,68,68,68,68,6,6,8,8,8,8,8,8,8,8,8,69,69,54,54,54,54,54,54,54,54,54,54,70,70,70,70,70,70,70,70,70,193,266,266,266,44,44,44,44,44,44,27,27,27,27,27,27,27,27,28,28,28,28,28,28,28,28,28,28,28,28,28,28,28,73,84,84,85,85,85,85,85,85,208,233,233,87,87,87,87,87,87,87,21,21,24,24,24,24,24,24,24,24,24,24,24,150,150,150,150,150,150,150,150,150,150,150
>Seq 187
153,153,153,153,153,153,153,153,153,0,153,65,65,65,65,65,65,1,1,1,1,1,1,1,1,2,2,68,68,68,68,68,68,95,95,95,95,95,95,95,95,95,95,95,95,95,96,96,53,53,53,53,53,53,53,53,53,69,69,69,267,267,267,267,267,267,267,267,107,25,25,25,25,25,29,29,29,29,29,29,14,14,14,14,14,46,46,46,46,46,46,46,46,85,208,208,18,20,20,20,20,21,21,21,21,21,21,21,132,21,24,24,24,24,24,24,24,24,24,24,24,24,24,24,24,24,24,24,24,24,24,24,41,41,41,42,42,42,42,42,42,42,42,41,42,41,150,150,150
>Seq 188
28,28,28,28,28,28,28,28,28,28,28,28,28,268,268,268,268,109,175,175,31,10,10,10,31,30,30,30,30,30,30,30,30,32,32,32,32,72,72,72,72,34,84,85,85,85,85,85,85,85,85,233,233,233,21,21,21,21,21,21,21,21,21,129,132,132,87,87,87,87,87,87,87,87,18,18,18,18,18,18,87,87,87,87,87,87,87,21,24,24,24,24,24,24,24,24,150,150,150,150,150,150
>Seq 189
36,36,36,36,36,36,36,36,36,36,36,36,36,36,36,36,36,37,37,37,37,37,37,63,63,38,38,38,38,269,64,64,64,64,64,64,39,39,21,21,222,222,222,222,24,24,164,164,164,164,164,164,164,164,140,140,41,41,41,41,41,41,41,41,41,41,41,41,41,41
>Seq 190
155,155,155,155,155,155,155,155,155,155,155,155,0,65,65,65,65,65,65,65,65,65,65,1,1,1,1,1,1,1,1,1,1,1,1,119,119,119,119,119,119,119,119,119,119,119,119,119,119,119,119,119,119,119,119,119,119,226,226,226,226,226,226,226,226,226,226,145,96,96,96,96,96,96,96,96,96,96,96,96,96,96,96,96,96,146,146,147,147,147,147,147,103,103,103,105,106,106,106,106,106,235,235,235,234,234,234,234,234,234,234,234,234,234,234,234,234,234,106,106,182,182,182,182,182,182,182,182,182,182,182,182,182,182,182,182,182,182,182,182,164,81,81,81,81,81,81,164,164
>Seq 191
125,125,125,125,125,125,125,125,125,125,125,125,125,125,125,125,64,64,64,64,150,150
>Seq 192
125,125,125,125,125,125,125,37,37,37,37,37,37,125,125,125,125,125,125,125,125,125,125,125,125,125,125,125,125,125,125,125,125,125,125,125,125,125,125,125,125,125,125,125,125,125,125,125,64,64,150,150,41,41,41,41,41,41,41,41,41,41,41,41,41,41,41,41,41
>Seq 193
153,0,0,0,0,0,0,0,0,0,0,0,0,0,0,0,0,0,0,0,0,1,1,1,67,67,67,67,67,67,67,67,67,67,119,119,119,119,119,119,119,119,58,58,58,58,58,58,58,58,146,146,147,147,147,147,147,147,147,147,147,147,147,147,147,124,124,36,36,36,36,36,36,36,125,125,125,38,38,38,64,64,64,150,150,150,150,150,150,150,150,150,150,150,150,150,150,150,150,150,150,150,150,150,150,150,150,150,150,150,64,64,64,64,64,64,64,64,64,64,64,64,64,64,64,64,64,64,64,64,64,64,64,64,64,64,64,150,150,150,150,150,150,150,150,150,150,150,150
>Seq 194
0,0,0,1,1,1,1,67,67,67,67,67,67,67,67,67,67,67,119,119,119,96,96,96,96,96,96,96,96,96,96,53,53,53,53,53,53,53,53,53,53,58,58,58,58,58,58,11,11,11,11,11,11,11,11,11,11,11,11,11,12,12,12,195,195,148,36,36,36,36,36,36,36,36,36,36,36,37,37,37,37,63,63,38,38,38,269,269,64,39,39,39,39,39,39,163,163,163,203,203,203,190,190,41,41,41,41,144,144,94,94,94,94,94,94,42,42,42,42,94,94,94,94,94,94,94,144
>Seq 195
119,119,119,96,96,96,96,96,53,58,58,58,58,58,58,58,58,58,58,58,58,58,146,177,177,177,177,177,195,195,195,124,123,36,36,36,36,36,36,36,36,36,36,36,36,36,36,36,36,36,36,36,36,36,36,36,36,36,36,36,37,37,37,37,125,125,125,125,125,125,125,125,125,37,37,37,38,38,38,64,64,150,150,150,41,41,41,41,41,41,41,41,41,41
>Seq 196
36,36,36,36,36,36,36,36,36,36,36,36,36,35,35,35,35,35,35,34,34,34,34,34,34,188,188,188,34,34,34,34,34,34,34,35,35,35,36,36,36,35,35,35,34,34,34,34,34,34,34,34,34,34,34,34,34,72,72,72,72,72,72,72,35,35,35,35,83,83,83,83,82,82,82,82,82,82,82,82,121,82,82,82,82,83,83,62,62,62,62,62,62,62,62,62,36,36,36,36,36,36,36,36,36,36,36,36,36,36,36,36,36,36,36,36,36,36,36,37,37,37,37,37,37,37,37,37,37,38,38,38,64,139,139,139,139,140,140,140,140,140,41,41,41,41,41,41,41
>Seq 197
11,11,11,11,11,11,11,11,10,57,57,57,57,57,57,57,55,55,55,55,56,56,71,71,71,71,71,71,71,71,71,71,34,34,34,34,34,34,34,84,84,85,85,85,85,85,85,85,221,221,233,18,18,18,18,18,18,17,17,17,17,17,17,17,17,17,17,17,17,17,17,17,17,20,64,150,150,150,150,150,150,150,150,150,150,150,150,41,41,41,41,41,41,41,41,41,41,41,41,140,140,140,140,140,140,141,141,141,141,141,141,141,142,142,142,142,142,142,139,167,167,167,167,167,64,125,125,125,125,125,125,125,125,125,125,125,125,125,125,125,125,125,64,150,150,150,150,150,150
>Seq 198
24,24,24,24,24,24,24,24,24,24,24,24,51,51,51,51,51,51,51,51,51,51,51,164,24,24,24,24,24,164,164,164,164,164,164,164,164,51,51,51,51,51,51,51,51,51,51,51,51,51,81,81,81,81,138,138,92,92,92,92,138,138,138,138,138,138,138,94,94
>Seq 199
137,181,181,181,181,137,27,27,72,72,72,72,72,73,73,46,46,46,46,46,47,221,221,221,221,221,221,221,221,221,233,87,87,21,21,21,21,21,21,21,21,24,24,24,24,24,24,23,23,23,23,23,23,23,23,23,23,23,51,51,51,51,51,51,51,51,52,52,52,52,52
>Seq 200
126,126,126,126,126,126,126,126,38,38,38,38,38,38,125,125,125,125,125,125,125,125,125,125,125,125,125,125,125,125,125,125,125,125,125,125,125,125,125,125,125,125,125,64,64,64,64,150,41,41,41,41,41,41,41,41,41,41,41
>Seq 201
6,5,5,180,69,69,69,69,53,53,10,10,10,10,10,10,10,10,12,11,12,12,12,12,12,56,56,56,56,56,56,56,62,62,62,62,62,62,62,62,36,37,37,37,37,37,37,37,37,37,37,37,37,37,37,37,37,37,37,37,37,38,39,39,39,39,39,39,40,40,40,40,40
>Seq 202
96,96,96,96,96,96,96,96,96,96,96,96,58,58,58,53,53,11,11,11,11,11,11,11,11,11,11,11,11,11,11,11,11,11,11,11,11,11,59,59,59,59,59,59,59,82,82,82,124,124,35,36,36,36,36,36,36,36,36,37,37,37,37,37,37,125,125,125,125,125,37,38,38,150,150,150,150,150,150,150,150,150,150,150
>Seq 203
40,40,40,23,23,23,23,23,23,51
>Seq 204
35,35,35,35,17,17,17,125,125,125,125,125,125,125
>Seq 205
150,150,150,41,41
>Seq 206
125,125,125,125,125,125,125,125,125,125,125,125,125,125,125,125,125,125,125,125,125,125,125,125,125,125,125,125,125,125,125,125,125,125,125,125,125,125,125,125,125,125,125,125,125,125,38,38,38,38,38,38,38,269,269,64,64,64,64,64,64,64,64,64,64,64,64,64,64,64,64,64,64,270,270,270,270,251,251,132,132,132,170,126,126,38,38,38,38,38,125,125,125,125,125,125,125,125,125,125,125,125,125,125,125,125,125,125,125,125,125,125,125,125,125,125,125,125,125,125,125,125,125,125,125,125,125,125,125,125,125,125,125,125,125,150,150,150,150,150,150,150,150,41,41,41,41,41,41
>Seq 207
29,29,26,26,26,27,72,72,72,34,35,35,35,35,34,34,34,34,34,34,34,34,34,34,84,85,85,85,85,85,85,85,85,85,84,84,84,85,85,85,85,85,85,85,85,85,85,85,85,85,131,131,86,86,86,87,21,21,21,21,24,24,24,24,24,24,24,24,24,24,24,24,24,24,24,24,24,24,24,164,81,81,81,81,81,81,52,52,52,52,52,52,90,90,90,90,90,90,90,90,90,90,90,52,52,52,52,52,81,81,81,81,81,81,81,81,81,81,81,81,81,81,81,81
>Seq 208
144,144,144,144,144,144,144,144,144,144,144,144,144,144,144,144,144,144,144,144,144,140,140,140,140,140,140,144,144,144,144,143,143,143,143,143,143
>Seq 209
43,43,43,43,43,43,43,43,43,43,43,43,43,43,43,94,94,185,185,185,185,185
>Seq 210
37,37,37,36,36,36,37,37,37,37,37,37,37,37,37,125,125,125,125,125,125,125,125,125,125,125,125,125,125,125,125,125,125,125,64,150,150,150,150,150,150,150,150,150,150,150,150
>Seq 211
94,43,43,43
>Seq 212
43,43,220,220,220,220,220,220,220,185,185,185,185
>Seq 213
220,220,220,220
>Seq 214
187,187,57,57,57,57,31,31,31,31,55,55,55,55,55,32,32,32,32,71,71,71,71,71,71,33,33,33,34,34,34,34,34,34,84,84,85,85,85,85,85,85,86,86,86,86,86,86,86,87,132,251,251,251,251,251,222,24,24,24,24,24,21,21,87,87,87,87,87,87,87,87,18,18,18,18,18,18,38,38,38,38,38,38,38,38,38,38,38,38,125,125,125,125,125,125,125,125,125,125,125,125,125,125,125,125,125,125,125,125,125,125,125,64,64,150,150,150,41,41,41,41,41,41,41,41,41,41,41,41,150,150,150,150,150,150,150,150,150,150,150,150,41,41,41,41,41,150,150
>Seq 215
178,178,271,271,17,17,17,125,125,125,125,64,64,64,64,64,150,150,150,150,41,41,41,41,41,41,41,41,41
>Seq 216
140,140,150,150,150,140,140,140,140,41,41,41,41,41,41,42,42,42,42,41,41,41,41,41,41,41,41,41,41,140,140,140,140,140,140,140,41,41,41,41,41,140,140,140,140,140,140,140,150,150,150,150,270,270,270,64,64,64,64,64,64,64,64,64,64,64,64,64,64,64,64,64,64,64,125,125,125,125,125,125,38,38,126,126,38,38,38,125,125,125,125,125,125,125,125,125,125,125,125,125,125,125,125,125,125,125,125,125,125,150,150,41,41,41,41,41,41,41,41,41,41,41,41,41,41,144,144,144,144,144,144,144,144,144,144,144,144,144,144,144,144,144,144,144,144,144,144,144,144
>Seq 217
83,83,83,83,83,83,83,83,83,83,83,83,83,82,82,82,121,121,121,121,121,121,121,121,121,12,12,12,12,12,12,12,82,82,82,82,83,83,83,83,83,83,83,83,83,83,83,83,83,83,83,83,83,83,83,83,83,83,83,83,82,82,82,124,124,124,124,35,35,35,35,35,35,35,35,35,36,36,36,36,36,36,36,36,36,36,36,36,36,36,36,37,37,37,37,37,37,37,125,64,64,150,150,150,150,150,41,41,41,41,41,41,41,41,41,41,41,41,41,41,41,41,41,41,41,41,41,139,139,142,142,141,141,141,140,140,140,140,141,141,141,140,140,140,140,140,140,140,140
>Seq 218
153,153,153,153,153,153,153,153,153,153,153,153,153,153,153,153,153,153,153,153,153,0,0,0,0,0,0,0,0,0,0,0,0,0,0,0,0,0,0,155,155,2,68,95,95,95,95,95,95,95,95,95,95,95,95,95,95,95,96,96,96,96,58,58,58,58,58,58,59,121,121,121,121,121,121,122,83,83,83,83,83,83,35,35,36,36,36,36,36,36,36,36,36,36,36,36,37,37,37,37,37,37,37,125,37,37,37,37,38,38,38,38,38,38,38,38,64
>Seq 219
96,96,96,96,96,96,96,96,96,96,96,95,95,95,95,95,95,95,95,95,53,53,53,53,53,53,11,11,11,11,11,11,11,11,11,11,11,11,11,11,59,59,59,59,59,59,59,121,121,121,121,121,122,122,122,122,272,122,122,36,36,36,36,36,36,36,36,36,36,36,36,36,36,36,36,36,36,36,36,36,37,37,37,37,37,37,37,38,38,39,39,39,39,39,39,150,150,150,150,150,150,41,41,41,41,41,41,41,41,41,41,41,41,41,41,41,41,41,41,41,41
>Seq 220
139,139,139,139,140,139,139,139,167,167,167,167,167,167,167,167,167,167,167,167,167,167,167,167,167,167,167,64,64,64,64,125,125,125,125,125,125,125,125,125,125,125,125,125,125,36,36,36,36,36,125,150,150,150,150,150,150,41,41
>Seq 221
36,36,36,36,36,36,36,36,36,36,36,36,36,36,36,36,36,35,35,35,35,35,35,35,35,35,35,35,35,35,35,35,35,35,35,35,35,35,35,35,35,35,35,35,35,35,35,35,35,35,35,35,35,35,35,35,35,35,35,35,35,35,35,35,35,35,35,35,35,35,35,35,35,35,35,35,35,35,35,35,35,36,36,36,36,36,36,36,36,36,36,36,36,36,36,36,125,125,125,37,37,37,37,37,37,37,37,38,38,64,150,150,150,150,150,150,150,41,41,140,140,140,140,140
>Seq 222
68,95,95,95,11,11,11,11,11,11,11,11,11,11,11,11,11,11,11,59,59,59,59,59,59,121,121,121,121,121,82,82,82,82,82,82,82,83,83,83,35,35,35,35,35,35,37,37,37,37,37,37,37,63,63,63,63,63,63,38,38,38,64,64,64,64,64,64,64,64,64,64,64,64,64,64,64,64,139,139,139,139,139,140,140,140,140,140,140,140,140,140,140,140,140,140,144,144,144,144,144,144,144,144,144,144,144,144,41,41,41,41,41,41,41,41,41,41
>Seq 223
153,153,153,153,153,153,153,153,153,153,153,153,153,153,153,153,153,153,153,153,153,0,0,1,2,2,3,3,3,3,3,3,3,3,3,3,68,68,68,68,6,6,6,6,6,6,6,6,6,6,6,6,95,95,95,95,95,95,95,95,95,95,95,95,95,95,96,96,58,11,59,59,59,59,147,147,147,147,147,101,101,172,172,172,172,172,172,172,172,172,172,172,172,172,172,172,172,172,172,172,172,172,174,174,273,150,150,150,41,41,41,41,41,41,41,41,41,41,41,41,41
>Seq 224
137,137,137,137,137,137,137,137,137,137,137,137,137,137,137,137,137,137,137,137,137,137,137,137,137,32,32,27,27,28,28,28,28,28,28,28,28,26,26,25,25,25,25,26,26,26,26,26,26,26,26,26,26,26,29,29,72,72,34,34,34,34,34,34,34,35,35,35,35,35,35,35,35,35,36,36,36,36,36,36,36,36,36,36,36,36,36,36,36,36,36,36,36,36,36,38,38,38,39,39,40,41,41,41,41,41,41,41,41,41,41,41,41,41,140,140,140,140,140,140,140,140,139,139,167,167,167,167,139,139,139,139,139,139,139,139
>Seq 225
36,36,36,36,36,36,36,36,36,36,36,36,36,37,37,36,36,36,36,36,36,36,36,36,36,36,36,36,36,36,36,36,36,36,36,36,36,36,36,36,36,36,36,36,36,36,125,125,125,125,125,125,125,125,125,125,125,125,125,125,125,125
>Seq 226
36,36,36,36,36,36,36,36,36,36,36,36,36,36,36,36,36,36,36,36,36,36,36,36,36,36,36,36,36,36,36,36,36,36,36,36,36,36,36,36,36,36,36,36,36,36,36,36,123,123,123,123,122,122,12,12,12,12,12,11,57,57,57,57,57,57,57,57,31,31,31,31,31,57,57,31,31,57,57,57,12,12,12,12,12,82,83,83,35,35,35,35,35,35,36,36,36,36,36,36,36,36,36,36,36,36,36,36,36,36,36,36,37,37,37,37,37,37,37,38,38,39,39,39,150,150,150,41,41,41,41,41,41,41,41,41,41,41,41,41,41,41,41,41,41,41,41,41,41
>Seq 227
18,18,18,18,18,18,18,18,18,208,208,208,208,208,250,250,250,250,208,85,85,131,131,131,131,131,131,131,63,63,37,37,37,37,37,37,37,37,37,37,37,37,37,37,37,37,37,37,37,37,37,36,36,36,36,36,36,36,36,36,36,36,36,36,35,35,36,36,36,36,36,36,36,36,37,37,37,37,37,63,63,63,63,38,38,38,64,64,64,64,64,64,64,64,64,64,150,150,150,150,150,150,150,150,41,41,41,41,41,144,144
>Seq 228
153,153,153,153,1,1,1,1,1,1,1,1,1,67,68,68,68,68,68,68,68,68,68,68,6,6,6,5,5,180,180,180,8,69,53,53,53,53,53,53,53,53,53,53,53,53,53,11,11,11,11,11,11,11,12,12,56,56,56,82,82,82,82,82,122,123,123,123,123,123,123,123,178,178,178,178,178,178,178,178,271,271,271,271,271,271,271,271,271,271,271,271,64,150,150,150,150,150,41,41,41,41
>Seq 229
6,6,6,68,68,68,68,68,68,68,119,119,119,68,68,68,68,68,68,68,68,68,119,119,119,119,119,119,119,119,119,119,119,67,67,67,67,67,67,67,67,67,67,67,67,67,67,67,67,67,67,67,67,67,67,67,68,68,68,68,68,68,68,68,68,68,68,68,68,68,68,68,95,95,95,95,53,11,11,11,11,11,11,11,11,11,11,59,59,12,12,12,82,82,82,36,36,36,36,36,36,36,36,36,36,36,37,37,37,37,37,37,37,37,37,37,37,38,38,39,39,39,39,39,39,39,40,40,40,41,41,41,41,41,41,41,41,41,41,41
>Seq 230
186,186,186,186,186,186,186,186,7,7,7,7,7,5,5,5,5,5,8,8,54,54,54,54,54,54,54,54,54,54,9,54,54,54,10,10,10,57,57,195,195,188,188,188,73,73,73,73,73,46,46,46,208,208,20,20,20,20,20,20,20,20,21,21,21,21,21,21,21,21,21,21,21,21,21,21,21,21,24,24,24,24,23,24,24,24,24,24,24,24,24,24,24,24,51,51,51,51,51,51,51,51,51,41,41,150,139,139,167,167,167,167,167,167,167,167,167,167,167,167,167,167,167,167,167,167,167,167,167,167,167,167,167,167,167,167,167,139,139,139,139,139,139,139,139,139,139,139,139
>Seq 231
43,43,43,43,43,219,219,219,219,219,219,219,219,219,94,94,185,185,185
>Seq 232
73,73,46,46,85,85,85,85,85,85,85,85,85,85,85,85,85,85,85,85,85,85,84,85,85,85,85,85,85,85,131,86,86,86,86,86,86,87,87,87,87,87,87,87,87,87,87,87,87,87,87,87,87,87,87,87,87,87,87,18,18,38,38,38,38,38,125,125,125,125,125,125,125,125,125,36,36,36,36,36,36,36,36,36,36,36,36,36,36,36,36,36,36,36,36,36,36,36,36,36,36,37,37,37,37,37,37,37,131,131,208,18,18,19,132,21,21,21,21,21,21,21,21,21,21,21,23,23,23,51,51,51,51,51,51,81,81,81,81,81,138,138,138,138,138,138,138,138,138
>Seq 233
83,83,83,83,83,83,83,83,83,83,83,83,83,83,83,83,83,83,83,83,83,83,83,83,83,83,83,62,62,62,62,62,36,36,36,36,36,36,36,36,36,36,36,36,36,36,36,36,36,36,36,36,36,36,36,36,36,36,125,125,125,125,125,125,125,125,167,167,167,139,139
>Seq 234
125,125,125,125,125,125,125,125,125,125,125,125,125,125,125,125,125,125,125,125,125,125,125,125,125,125,125,125,125,125,37,37,37,37,125,125,125,125,125,125,125,125,125,125,36,36,36,36,36,36,36,36,36,36,36,36,36,36,36,36,36,36,36,36,36,36,36,36,36,36,36,37,37,37,36,36,36,167,167,139,139,139,142,141,141,141,141,141,141,141,140
>Seq 235
44,44,44,137,137,137,137,27,27,27,72,72,72,72,34,84,84,84,84,34,34,34,84,84,17,17,17,17,17,17,17,17,17,125,125,125,125,125,125,64,64,150,150,150,150,150,150,150
>Seq 236
149,149,149,149,149,37,37,37,37,37,37,36,36,36,36,36,37,37,37,63,63,38,126,126,126,39,39,39,39,39,39,39,39,39,39,39,39,150,150,150,150,190,190,41,41,41,41,41,41,41,144,144,94,94,94,94,94,94,94,94,94,94,94,94,94
>Seq 237
51,51,89,51,23,40,40,40,40,139,139,139,139,139,139,139,139,139,139,150,150,40,40,40,40,163,163,163,163,163,163,163,163,163,163,163,163,163,163,127,127,127,127,127,126,126,126,126,126,126,38,37,37,37,38,38,38,38,125,125,125,125,125,125,125,125,125,125,125,125,125,125,125,125,125,125,125,125,125,125,125,125,125,125,125,125,64,150,150,150,150,150,150,139,139,140,140,139,139,139,167,167,167,167,167,167,167,36,36,167,167,139,139,140,140,140,140,140,141,141,141,141,141,141,141,141,141,141,140,140,140,140,140,140,140,140,140,140,140
>Seq 238
75,75,75,75,75,75,75,75,75,74,75,75,75,75,75,75,75,75,75,75,75,75,17,17,17,17,17,17,17,17,17,17,17,17,17,87,87,87,87,87,87,87,87,87,87,87,87,87,87,87,18,18,87,38,38,38,38,38,38,38,38,38,38,38,38,38,38,125,125,125,36,36,36,36,36,36,36,36,36,36,36,36,36,36,36,36,36,36,36,36,36,36,36,36,36,36,36,125,125,125,125,125,125,125,125,125,125,125,125,125,125,125,125,125,125,125,125,125,125,125,125,125,125,125,125,125,125,125,125,125,125,150,150,150,150,41,41,41,41,41,41,41,140,140,140,140,140,140,140
>Seq 239
21,21,24,39,39,39,39,39,39,39,39,64,64,64,64,64,64,64,125,125,125,125,125,125,125,125,125,125,125,125,125,125,125,125,125,125,125,125,125,125,125,125,125,125,125,125,125,64,64,64,150,150,41,41,140,140,140,140,140,140,140,140,140,140,140,140,140,140
>Seq 240
149,149,149,149,17,17,17,17,17,17,17,75,75,75,75,208,208,233,233,233,233,208,208,208,75,75,75,75,75,75,75,75,75,75,75,75,75,75,75,75,17,17,17,17,17,17,17,17,17,17,17,17,17,17,17,17,17,17,17,17,17,17,17,17,17,17,17,17,17,17,17,125,125,125,17,17,17,17,17,125,17,35,35,35,36,36,36,36,36,36,36,36,36,36,36,36,36,36,36,36,36,36,37,37,37,37,37,37,37,37,37,37,36,36,36,36,167,139,139,139,139,139,140,140,140,140,140,140,140,140,140,140,140,139,139,139,139,139,139,167,167,167,167,167,140,140,140,140,140
>Seq 241
36,36,36,36,36,36,36,36,36,36,36,36,36,36,36,36,36,36,36,36,36,36,36,36,36,36,36,36,36,36,36,36,35,35,35,35,35,35,36,36,36,36,36,36,35,35,35,35,35,35,35,35,35,35,35,35,36,36,36,36,36,36,36,36,36,36,36,125,125,125,125,125,125,125,125,125,125,125,125,125,125,125,125,125,125,64,64,150,150,150,150,150,150,150,41,41,41,41,41,41,41,150,150,150,150,139,139,139,139,139,139,139,139,139,167,36,36,36,36,36,36,36,36,36,36,36,36,36,36,125,125,125,125,125,125,125,125,125,167,167,139,142,142,141,141,141,141,141,141
>Seq 242
36,36,36,36,36,36,36,36,36,36,36,36,36,36,36,36,36,36,36,36,36,36,125,125,125,125,125,125,125,125,125,125,125,125,125,125,125,125,125,125,125,125,125,125,125,125,125,64,150,150,41,41,41,41,41,41,41,41,41,41,41,41,41,41,41,41,144
>Seq 243
64,64,64,64,64,64,64,64,64,64,64,64,64,64,64,64,64,39,39,39,39,39,39,39,39,21,21,24,24,24,24,164,164,164,164,164,164,164,182,182,182,182,182,182,182,182,182,182,182,182,182,182,182,182,182,182,51,51,51,51,81,81,81,81,138,138,138,138,138,138,138,138,138,138
>Seq 244
167,167,125,125,125,125,125,125,125,125,125,125,125,125,125,125,125,125,125,125,125,125,125,125,125,125,125,125,125,125,37,37,37,37,37,37,37,125,125,125,125,125,125,125,125,125,125,125,125,125,125,64,64,64,150,150,150,41,41,41,41
