Estado[0]: 0,0,0,0,0,0,0,0,0,0,5,1,
Estado[1]: 0,0,0,0,0,0,0,0,0,1,5,1,
Estado[2]: 5,0,0,0,0,0,0,0,0,1,5,1,
Estado[3]: 5,0,0,0,0,0,0,5,0,1,5,1,
Estado[4]: 5,0,0,0,0,0,0,5,0,1,5,5,
Estado[5]: 5,0,0,0,0,0,1,5,0,1,5,5,
Estado[6]: 5,0,0,0,0,0,1,5,0,1,5,1,
Estado[7]: 5,0,0,0,0,0,5,5,0,1,5,5,
Estado[8]: 5,0,0,0,0,0,5,5,1,1,5,1,
Estado[9]: 5,0,0,0,5,0,5,5,1,1,5,1,
Estado[10]: 5,0,0,0,5,0,1,5,1,1,1,1,
Estado[11]: 1,0,0,0,5,0,1,5,1,1,1,1,
Estado[12]: 1,0,1,0,5,0,1,5,1,1,1,1,
Estado[13]: 4,0,1,0,5,0,1,5,1,1,4,1,
Estado[14]: 4,0,1,0,5,5,1,5,1,1,4,1,
Estado[15]: 4,0,1,0,5,5,1,1,1,1,4,1,
Estado[16]: 2,0,1,0,5,5,1,1,1,1,4,1,
Estado[17]: 2,0,1,1,5,5,1,1,1,1,4,1,
Estado[18]: 2,0,1,1,5,5,1,1,1,1,4,4,
Estado[19]: 2,0,1,1,5,5,1,1,1,1,3,4,
Estado[20]: 3,0,1,1,5,5,1,1,1,1,3,4,
Estado[21]: 3,0,1,1,5,5,1,4,1,1,3,4,
Estado[22]: 3,0,1,1,5,5,4,4,1,1,3,4,
Estado[23]: 3,0,1,1,5,5,4,4,1,1,3,3,
Estado[24]: 3,0,1,1,5,5,1,4,1,1,3,3,
Estado[25]: 5,0,5,0,5,0,5,1,1,1,4,1,
Estado[26]: 5,0,5,5,5,0,5,1,1,1,4,1,
Estado[27]: 5,0,5,5,5,1,5,1,1,1,4,1,
Estado[28]: 5,0,5,5,5,1,5,1,4,1,4,1,
Estado[29]: 5,0,5,0,5,1,5,1,1,1,4,1,
Estado[30]: 5,0,5,5,5,0,5,1,1,1,1,1,
Estado[31]: 5,0,5,5,0,0,5,1,1,1,1,1,
Estado[32]: 5,0,5,5,5,1,5,1,1,1,1,1,
Estado[33]: 1,0,1,5,5,1,5,1,1,1,1,1,
Estado[34]: 1,0,1,5,5,1,5,1,4,1,1,1,
Estado[35]: 1,0,1,1,5,1,5,1,4,1,1,1,
Estado[36]: 1,0,1,1,5,1,1,1,4,1,1,1,
Estado[37]: 1,0,1,1,5,1,4,1,4,1,1,1,
Estado[38]: 3,0,1,1,5,1,4,1,4,1,1,1,
Estado[39]: 3,0,1,1,5,1,4,1,4,3,1,1,
Estado[40]: 3,0,1,1,5,1,4,1,4,3,1,3,
Estado[41]: 3,0,1,1,5,1,4,1,3,3,1,3,
Estado[42]: 3,0,1,1,5,1,4,1,3,3,3,3,
Estado[43]: 3,0,1,1,5,1,3,3,3,3,3,3,
Estado[44]: 5,0,5,5,5,1,5,1,5,1,4,1,
Estado[45]: 5,0,5,5,5,1,5,1,4,1,4,4,
Estado[46]: 1,0,5,5,5,1,5,1,4,1,4,4,
Estado[47]: 4,0,5,5,5,1,5,1,4,1,4,4,
Estado[48]: 2,0,5,5,5,1,5,1,4,1,4,4,
Estado[49]: 2,0,5,5,5,1,5,1,2,1,4,4,
Estado[50]: 3,0,5,5,5,1,1,1,2,1,4,4,
Estado[51]: 3,0,1,5,5,1,4,1,3,1,3,3,
Estado[52]: 3,0,1,5,5,1,4,1,3,3,3,3,
Estado[53]: 1,0,0,0,0,0,5,1,5,1,1,1,
Estado[54]: 5,0,0,0,5,0,5,1,5,1,1,1,
Estado[55]: 5,0,1,0,5,1,5,1,5,1,1,1,
Estado[56]: 1,0,1,0,5,1,5,1,5,1,1,1,
Estado[57]: 1,0,1,0,5,0,5,1,5,1,1,1,
Estado[58]: 0,0,1,0,0,0,5,1,1,1,1,1,
Estado[59]: 1,0,1,0,0,0,1,1,5,1,1,1,
Estado[60]: 1,0,1,0,0,0,1,1,1,1,1,1,
Estado[61]: 1,0,1,0,0,1,1,1,1,1,1,1,
Estado[62]: 1,0,1,1,5,1,1,1,1,1,1,1,
Estado[63]: 4,0,1,1,5,1,4,1,4,1,1,1,
Estado[64]: 3,0,1,1,5,1,4,1,3,1,1,1,
Estado[65]: 0,0,0,0,0,0,0,0,0,0,1,1,
Estado[66]: 0,0,0,0,0,0,0,0,0,1,1,1,
Estado[67]: 5,0,0,0,0,0,0,0,0,1,1,1,
Estado[68]: 5,0,0,0,0,0,0,0,5,1,1,1,
Estado[69]: 5,0,5,0,0,0,0,1,5,1,1,1,
Estado[70]: 5,0,5,0,5,0,5,1,5,1,1,1,
Estado[71]: 1,0,5,5,5,1,5,1,1,1,1,1,
Estado[72]: 4,0,5,5,5,1,5,1,1,1,1,1,
Estado[73]: 4,0,5,5,5,1,5,1,4,1,1,1,
Estado[74]: 3,0,5,5,5,1,5,1,4,1,1,1,
Estado[75]: 3,0,5,5,5,1,1,1,4,1,1,1,
Estado[76]: 3,0,5,5,5,1,1,1,3,1,1,1,
Estado[77]: 3,0,5,5,5,1,1,1,3,1,4,1,
Estado[78]: 3,0,5,5,5,1,4,1,3,1,4,1,
Estado[79]: 3,0,1,5,5,1,2,1,3,1,4,4,
Estado[80]: 3,0,1,5,5,1,2,1,3,1,3,4,
Estado[81]: 3,0,1,5,5,1,3,1,3,1,3,3,
Estado[82]: 1,0,0,1,5,1,1,1,5,1,1,1,
Estado[83]: 5,0,1,1,5,1,1,1,1,1,1,1,
Estado[84]: 4,0,5,5,5,1,1,1,1,1,4,1,
Estado[85]: 4,0,5,5,5,1,1,1,4,1,4,1,
Estado[86]: 4,0,1,5,5,1,1,1,4,1,4,4,
Estado[87]: 3,0,1,5,5,1,1,1,4,1,4,4,
Estado[88]: 3,0,4,5,5,1,4,1,3,1,3,4,
Estado[89]: 3,0,4,5,5,1,4,1,3,1,3,3,
Estado[90]: 3,0,4,5,5,1,4,1,3,3,3,3,
Estado[91]: 3,0,4,5,5,1,2,1,3,3,3,3,
Estado[92]: 3,0,4,5,5,1,3,1,3,3,3,3,
Estado[93]: 3,0,4,1,5,1,3,1,3,3,3,3,
Estado[94]: 3,0,1,1,5,1,3,1,3,3,3,3,
Estado[95]: 1,0,0,0,0,0,5,0,5,1,1,1,
Estado[96]: 1,0,0,0,0,0,5,0,1,1,1,1,
Estado[97]: 4,0,0,0,0,0,5,0,1,1,1,1,
Estado[98]: 4,0,0,0,0,0,5,0,4,1,1,1,
Estado[99]: 4,0,0,0,0,0,1,0,4,1,1,1,
Estado[100]: 4,0,5,0,0,0,1,0,4,1,1,1,
Estado[101]: 4,0,5,0,0,1,1,0,4,1,1,1,
Estado[102]: 2,0,5,0,0,1,1,0,4,1,1,1,
Estado[103]: 2,0,5,0,0,1,1,1,4,1,1,1,
Estado[104]: 2,0,5,0,0,1,1,1,2,1,1,1,
Estado[105]: 3,0,5,0,0,1,4,1,3,1,1,1,
Estado[106]: 3,0,5,0,5,1,4,1,3,1,1,1,
Estado[107]: 4,0,0,0,0,0,5,1,1,1,5,1,
Estado[108]: 4,0,0,0,0,0,5,1,4,1,5,1,
Estado[109]: 4,0,5,0,0,0,5,1,4,1,5,1,
Estado[110]: 4,0,5,0,0,0,5,1,4,1,1,1,
Estado[111]: 3,0,5,0,0,0,5,1,4,1,1,1,
Estado[112]: 3,0,5,0,0,0,5,1,3,1,1,1,
Estado[113]: 3,0,5,0,0,0,1,1,3,1,1,1,
Estado[114]: 3,0,5,0,0,0,4,1,3,1,1,1,
Estado[115]: 3,0,1,0,0,1,4,1,3,1,1,1,
Estado[116]: 3,0,1,0,5,1,4,1,3,1,1,1,
Estado[117]: 3,0,4,5,5,1,2,1,3,3,1,3,
Estado[118]: 3,0,3,5,5,1,3,3,3,1,3,3,
Estado[119]: 1,0,0,0,0,0,0,0,5,1,1,1,
Estado[120]: 1,0,0,0,0,0,1,1,1,1,1,1,
Estado[121]: 1,0,1,0,5,0,1,1,1,1,1,1,
Estado[122]: 1,0,1,0,5,1,1,1,1,1,1,1,
Estado[123]: 1,0,1,0,5,1,1,1,4,1,1,1,
Estado[124]: 1,0,1,0,5,1,5,1,4,1,1,1,
Estado[125]: 4,0,1,1,5,1,1,1,2,1,1,1,
Estado[126]: 4,0,1,1,5,1,4,1,2,1,1,4,
Estado[127]: 4,0,1,1,5,1,4,1,2,1,4,4,
Estado[128]: 2,0,1,1,5,1,4,1,3,1,4,4,
Estado[129]: 2,0,1,5,5,1,4,1,3,1,4,4,
Estado[130]: 5,0,5,0,5,1,1,5,1,5,1,5,
Estado[131]: 4,0,5,1,5,1,1,1,1,4,1,4,
Estado[132]: 2,0,5,1,5,1,1,4,1,3,1,4,
Estado[133]: 3,0,4,1,3,1,3,3,3,3,3,3,
Estado[134]: 3,0,1,1,3,1,3,3,3,3,3,3,
Estado[135]: 5,0,1,0,5,0,5,5,1,5,1,5,
Estado[136]: 5,0,0,0,5,0,5,5,1,5,1,5,
Estado[137]: 5,0,1,1,5,5,5,5,1,5,1,1,
Estado[138]: 3,0,1,1,5,5,3,3,1,3,3,3,
Estado[139]: 3,0,1,1,5,1,1,1,1,3,3,1,
Estado[140]: 3,0,1,1,5,1,1,1,1,3,3,3,
Estado[141]: 3,0,1,1,1,1,1,1,1,3,3,3,
Estado[142]: 1,0,1,1,1,1,1,1,1,3,3,3,
Estado[143]: 3,0,1,1,1,1,1,1,3,3,3,3,
Estado[144]: 3,0,1,1,4,1,1,1,3,3,3,3,
Estado[145]: 1,0,0,0,0,0,0,1,1,1,1,1,
Estado[146]: 1,0,0,0,5,0,0,1,1,4,1,1,
Estado[147]: 1,0,0,0,5,1,0,1,1,4,1,1,
Estado[148]: 1,0,0,0,5,1,1,1,1,4,1,1,
Estado[149]: 4,0,5,1,5,1,1,1,1,4,1,1,
Estado[150]: 3,0,1,1,1,5,1,4,1,1,3,3,
Estado[151]: 3,0,4,1,1,5,4,3,1,3,3,3,
Estado[152]: 3,0,4,1,1,5,1,4,1,3,3,3,
Estado[153]: 0,0,0,0,0,0,0,0,0,0,0,1,
Estado[154]: 5,0,0,0,0,0,0,0,0,0,5,5,
Estado[155]: 5,0,0,0,0,0,0,0,0,0,5,1,
Estado[156]: 4,0,0,1,0,0,0,5,1,1,4,4,
Estado[157]: 4,0,5,1,0,0,5,5,1,1,4,4,
Estado[158]: 4,0,5,1,0,0,5,1,1,1,4,4,
Estado[159]: 4,0,5,1,0,0,5,4,1,1,4,4,
Estado[160]: 4,0,5,1,1,0,5,4,1,1,4,4,
Estado[161]: 3,0,1,1,1,5,4,2,1,3,3,3,
Estado[162]: 2,0,5,1,5,1,1,4,1,2,1,4,
Estado[163]: 3,0,5,1,1,1,4,4,1,3,1,4,
Estado[164]: 3,0,5,1,5,1,1,1,1,3,3,3,
Estado[165]: 1,0,1,1,1,1,1,1,1,1,1,1,
Estado[166]: 1,0,1,1,1,1,1,1,1,3,1,3,
Estado[167]: 3,0,1,1,1,1,1,4,1,1,1,3,
Estado[168]: 4,0,1,1,5,1,4,1,4,1,4,1,
Estado[169]: 2,0,1,1,5,1,4,1,2,1,4,1,
Estado[170]: 3,0,1,1,5,1,4,1,2,1,4,1,
Estado[171]: 1,0,1,0,0,0,1,1,4,1,4,1,
Estado[172]: 1,0,1,0,5,0,1,1,4,1,4,1,
Estado[173]: 1,0,1,0,5,0,1,1,3,1,4,4,
Estado[174]: 1,0,1,1,5,0,1,1,3,1,4,4,
Estado[175]: 0,0,5,0,5,0,5,1,1,1,4,1,
Estado[176]: 5,0,5,0,0,0,5,1,5,1,4,1,
Estado[177]: 1,0,5,0,0,0,5,1,1,1,4,1,
Estado[178]: 1,0,1,0,5,1,1,1,4,1,4,1,
Estado[179]: 1,0,1,0,5,1,1,1,4,1,4,4,
Estado[180]: 5,0,0,0,0,0,5,5,5,5,1,1,
Estado[181]: 5,0,5,1,5,1,5,5,5,5,1,1,
Estado[182]: 3,0,5,1,5,1,1,1,1,3,1,3,
Estado[183]: 4,0,5,1,0,0,1,4,1,4,1,1,
Estado[184]: 3,0,5,1,0,0,1,4,1,3,1,4,
Estado[185]: 3,0,1,1,1,1,3,1,3,3,3,3,
Estado[186]: 5,0,0,0,0,0,0,0,0,5,1,5,
Estado[187]: 1,0,5,1,0,0,5,5,1,4,1,1,
Estado[188]: 1,0,5,1,5,0,5,1,1,4,1,1,
Estado[189]: 1,0,1,1,1,1,1,4,1,4,1,1,
Estado[190]: 2,0,1,1,5,1,4,3,1,3,1,3,
Estado[191]: 4,0,4,1,5,1,4,3,1,3,1,3,
Estado[192]: 3,0,4,1,5,1,4,2,1,3,1,3,
Estado[193]: 5,0,5,0,5,0,5,5,1,1,1,4,
Estado[194]: 5,0,5,0,5,0,5,5,1,4,1,4,
Estado[195]: 1,0,5,1,0,0,1,5,1,4,1,1,
Estado[196]: 4,0,5,1,5,0,5,5,1,4,1,1,
Estado[197]: 2,0,5,1,5,0,1,1,1,2,1,4,
Estado[198]: 3,0,1,1,4,1,1,4,1,3,1,1,
Estado[199]: 3,0,1,1,4,1,1,4,1,3,1,3,
Estado[200]: 4,0,1,4,1,5,4,2,1,3,1,3,
Estado[201]: 4,0,1,4,1,5,4,4,1,3,1,3,
Estado[202]: 4,0,5,1,4,1,4,3,1,3,3,3,
Estado[203]: 3,0,1,1,5,1,4,2,1,3,1,4,
Estado[204]: 0,0,0,0,0,0,0,5,5,5,1,4,
Estado[205]: 0,0,0,0,0,0,0,5,1,5,1,4,
Estado[206]: 3,0,5,1,5,1,1,5,1,3,3,1,
Estado[207]: 4,0,0,1,5,1,5,1,1,4,1,4,
Estado[208]: 4,0,5,1,5,1,1,5,1,3,1,4,
Estado[209]: 3,0,5,1,5,1,1,1,1,3,1,1,
Estado[210]: 1,0,1,1,4,1,1,4,1,4,1,1,
Estado[211]: 4,0,0,0,0,0,5,5,1,4,1,4,
Estado[212]: 4,0,0,0,5,0,5,5,1,4,1,4,
Estado[213]: 4,0,5,0,5,1,5,1,1,4,1,4,
Estado[214]: 3,0,1,1,4,1,1,4,1,3,3,3,
Estado[215]: 1,0,0,0,0,0,1,1,1,4,1,4,
Estado[216]: 3,0,4,5,3,1,3,3,3,3,3,3,
Estado[217]: 3,0,4,1,4,1,3,3,3,3,3,3,
Estado[218]: 3,0,4,5,4,1,3,3,3,3,3,3,
Estado[219]: 4,0,4,1,1,1,3,3,3,3,3,3,
Estado[220]: 3,0,1,1,1,1,3,3,3,3,3,3,
Estado[221]: 4,0,5,5,5,1,1,4,1,4,1,4,
Estado[222]: 3,0,1,5,5,1,1,2,1,3,1,4,
Estado[223]: 4,0,4,1,4,1,3,3,3,3,3,3,
Estado[224]: 3,0,4,5,5,1,4,4,1,3,3,3,
Estado[225]: 1,0,0,0,0,0,0,0,0,1,1,1,
Estado[226]: 1,0,0,0,0,0,0,0,1,1,1,1,
Estado[227]: 4,0,1,0,0,0,1,5,1,4,1,4,
Estado[228]: 4,0,5,0,0,0,1,5,1,4,1,4,
Estado[229]: 5,0,5,0,0,1,1,5,1,4,1,4,
Estado[230]: 5,0,5,0,5,1,1,5,1,3,1,4,
Estado[231]: 5,0,5,5,5,1,1,5,1,3,1,4,
Estado[232]: 2,0,5,5,5,1,1,1,1,3,1,4,
Estado[233]: 2,0,5,5,5,1,1,4,1,4,1,4,
Estado[234]: 3,0,0,1,5,1,1,5,1,3,1,1,
Estado[235]: 3,0,0,1,5,1,1,5,1,3,1,3,
Estado[236]: 5,0,0,0,0,0,1,0,1,5,1,4,
Estado[237]: 3,0,5,5,5,1,4,4,1,3,1,4,
Estado[238]: 4,0,0,1,5,0,1,5,1,2,1,4,
Estado[239]: 4,0,0,1,5,1,1,5,1,2,1,4,
Estado[240]: 4,0,1,5,5,1,4,4,1,3,1,4,
Estado[241]: 4,0,5,0,5,0,5,1,5,1,4,1,
Estado[242]: 3,0,5,0,5,0,5,1,1,1,4,4,
Estado[243]: 3,0,5,0,5,0,5,1,4,1,4,4,
Estado[244]: 3,0,5,0,5,1,5,1,4,1,3,4,
Estado[245]: 3,0,5,5,5,1,5,1,4,1,3,4,
Estado[246]: 3,0,1,5,5,1,5,1,3,1,3,4,
Estado[247]: 3,0,1,5,5,1,5,1,3,1,3,3,
Estado[248]: 3,0,1,5,5,1,5,1,3,3,3,3,
Estado[249]: 3,0,4,1,5,1,2,1,3,3,3,3,
Estado[250]: 5,0,5,5,5,1,1,4,1,3,1,4,
Estado[251]: 2,0,1,5,5,1,1,2,1,3,1,4,
Estado[252]: 3,0,4,5,3,1,3,3,1,3,3,3,
Estado[253]: 3,0,4,5,4,1,3,3,1,3,3,3,
Estado[254]: 4,0,1,1,1,1,3,4,3,3,3,3,
Estado[255]: 3,0,5,5,0,1,1,4,1,3,1,4,
Estado[256]: 3,0,5,5,0,1,4,4,1,3,1,4,
Estado[257]: 3,0,1,5,0,1,4,4,1,3,1,4,
Estado[258]: 3,0,1,5,0,1,4,3,1,3,1,4,
Estado[259]: 3,0,1,5,0,1,4,3,1,3,1,3,
Estado[260]: 4,0,1,1,0,0,1,1,1,4,1,1,
Estado[261]: 4,0,1,1,0,0,1,1,1,4,1,4,
Estado[262]: 4,0,1,1,0,0,1,4,1,4,1,4,
Estado[263]: 3,0,1,1,0,0,1,4,1,3,1,4,
Estado[264]: 3,0,5,5,5,1,3,3,1,3,3,3,
Estado[265]: 2,0,1,1,5,1,1,5,1,2,1,1,
Estado[266]: 5,0,5,5,5,0,1,5,1,5,1,4,
Estado[267]: 5,0,0,0,0,0,1,5,1,5,1,4,
Estado[268]: 5,0,5,5,5,0,1,5,1,4,1,4,
Estado[269]: 3,0,1,1,5,1,1,4,1,2,1,1,
Estado[270]: 3,0,1,1,5,1,1,2,1,3,1,4,
Estado[271]: 1,0,1,0,5,1,1,4,1,2,1,1,
Estado[272]: 1,0,1,1,0,1,1,1,1,1,1,1,
Estado[273]: 3,0,0,1,5,1,1,4,1,3,3,1,
